0 31
1 8
2 5
3 24
4 74
5 73
6 40
7 43
8 9
9 11
10 13
11 25
12 30
13 15
14 57
15 11
16 26
17 18
18 68
19 62
20 41
21 66
22 43
23 19
24 61
25 41
26 28
27 49
28 31
29 2
30 18
31 4
32 30
33 25
34 55
35 60
36 43
37 14
38 36
39 6
40 33
41 9
42 30
43 5
44 64
45 35
46 8
47 13
48 37
49 34
50 67
51 8
52 27
53 39
54 37
55 67
56 64
57 33
58 56
59 1
60 52
61 49
62 35
63 19
64 57
65 32
66 29
67 0
68 31
69 65
70 50
71 42
72 50
73 43
74 38
75 38
76 45
77 40
78 28
79 61
80 14
81 46
82 20
83 61
84 4
85 48
86 51
87 16
88 62
89 2
90 2
91 62
92 46
93 54
94 46
95 49
96 9
97 48
98 49
99 36
100 34
101 9
102 4
103 33
104 13
105 9
106 36
107 27
108 24
109 12
110 4
111 64
112 62
113 63
114 72
115 45
116 14
117 23
118 50
119 14
120 46
121 11
122 18
123 33
124 34
125 5
126 52
127 61
128 55
129 49
130 56
131 3
132 60
133 0
134 29
135 27
136 21
137 66
138 54
139 30
140 19
141 20
142 10
143 42
144 40
145 31
146 7
147 1
148 5
149 61
150 60
151 62
152 7
153 45
154 25
155 42
156 15
157 20
158 46
159 26
160 27
161 29
162 25
163 54
164 59
165 60
166 27
167 52
168 7
169 48
170 27
171 13
172 52
173 50
174 56
175 47
176 53
177 32
178 53
179 31
180 54
181 26
182 51
183 12
184 56
185 57
186 43
187 12
188 16
189 42
190 20
191 28
192 41
193 64
194 38
195 62
196 64
197 50
198 20
199 24
200 25
201 18
202 49
203 65
204 2
205 65
206 1
207 67
208 50
209 62
210 50
211 53
212 52
213 11
214 2
215 50
216 47
217 53
218 27
219 21
220 45
221 21
222 21
223 77
224 60
225 55
226 53
227 62
228 40
229 29
230 25
231 58
232 68
233 43
234 10
235 43
236 13
237 17
238 23
239 48
240 54
241 48
242 55
243 59
244 35
245 15
246 1
247 58
248 19
249 37
250 30
251 5
252 41
253 10
254 32
255 34
256 60
257 69
258 8
259 43
260 33
261 39
262 65
263 0
264 40
265 69
266 65
267 7
268 20
269 95
270 45
271 36
272 44
273 2
274 3
275 3
276 35
277 38
278 9
279 69
280 31
281 3
282 29
283 45
284 59
285 56
286 91
287 8
288 41
289 56
290 46
291 29
292 11
293 26
294 47
295 52
296 15
297 48
298 43
299 30
300 40
301 31
302 29
303 68
304 35
305 37
306 10
307 10
308 27
309 30
310 30
311 8
312 1
313 42
314 7
315 43
316 14
317 41
318 39
319 20
320 18
321 37
322 94
323 15
324 40
325 10
326 26
327 30
328 44
329 11
330 11
331 9
332 9
333 74
334 56
335 9
336 69
337 84
338 96
339 45
340 41
341 45
342 42
343 16
344 5
345 22
346 11
347 57
348 18
349 35
350 17
351 31
352 39
353 39
354 5
355 29
356 20
357 30
358 39
359 40
360 33
361 40
362 9
363 45
364 38
365 63
366 1
367 43
368 31
369 4
370 30
371 31
372 33
373 39
374 38
375 20
376 28
377 47
378 15
379 21
380 29
381 62
382 40
383 55
384 36
385 36
386 38
387 13
388 34
389 26
390 29
391 40
392 6
393 38
394 38
395 1
396 35
397 38
398 39
399 33
400 26
401 27
402 28
403 21
404 20
405 29
406 49
407 32
408 46
409 33
410 61
411 62
412 30
413 62
414 25
415 49
416 26
417 11
418 1
419 35
420 38
421 8
422 39
423 38
424 74
425 69
426 7
427 44
428 28
429 66
430 33
431 46
432 17
433 48
434 47
435 25
436 18
437 37
438 25
439 31
440 18
441 16
442 62
443 21
444 68
445 26
446 46
447 48
448 18
449 59
450 74
451 42
452 36
453 39
454 6
455 0
456 67
457 6
458 27
459 49
460 29
461 48
462 15
463 65
464 7
465 35
466 38
467 28
468 40
469 5
470 61
471 27
472 39
473 6
474 0
475 7
476 5
477 37
478 29
479 45
480 2
481 25
482 52
483 45
484 49
485 43
486 44
487 39
488 29
489 40
490 2
491 44
492 59
493 44
494 0
495 29
496 48
497 16
498 13
499 23
500 60
501 34
502 23
503 26
504 35
505 76
506 38
507 26
508 11
509 13
510 17
511 29
512 40
513 45
514 2
515 12
516 61
517 73
518 34
519 5
520 18
521 5
522 42
523 16
524 42
525 64
526 25
527 12
528 47
529 48
530 15
531 41
532 18
533 61
534 2
535 50
536 52
537 35
538 30
539 26
540 11
541 0
542 17
543 36
544 26
545 29
546 23
547 32
548 33
549 9
550 29
551 35
552 36
553 8
554 5
555 3
556 61
557 58
558 43
559 49
560 40
561 39
562 39
563 37
564 29
565 13
566 69
567 0
568 46
569 12
570 40
571 71
572 68
573 79
574 53
575 53
576 18
577 86
578 39
579 31
580 30
581 5
582 31
583 11
584 41
585 42
586 22
587 7
588 26
589 8
590 43
591 25
592 32
593 31
594 9
595 16
596 31
597 19
598 5
599 30
600 49
601 5
602 33
603 49
604 50
605 20
606 13
607 49
608 16
609 56
610 41
611 43
612 39
613 48
614 44
615 21
616 38
617 7
618 8
619 45
620 10
621 30
622 32
623 25
624 25
625 60
626 6
627 41
628 45
629 6
630 51
631 18
632 96
633 60
634 61
635 6
636 60
637 63
638 46
639 45
640 8
641 48
642 23
643 50
644 52
645 2
646 14
647 51
648 10
649 13
650 51
651 5
652 40
653 19
654 12
655 14
656 14
657 17
658 20
659 37
660 40
661 8
662 8
663 38
664 39
665 1
666 27
667 37
668 39
669 32
670 39
671 35
672 86
673 37
674 51
675 27
676 52
677 11
678 47
679 47
680 26
681 18
682 14
683 41
684 6
685 7
686 29
687 26
688 26
689 60
690 9
691 54
692 64
693 26
694 36
695 25
696 29
697 26
698 32
699 29
700 39
701 28
702 34
703 41
704 12
705 21
706 27
707 30
708 1
709 28
710 47
711 66
712 5
713 70
714 43
715 34
716 29
717 29
718 27
719 1
720 35
721 13
722 8
723 16
724 1
725 12
726 57
727 23
728 11
729 29
730 11
731 57
732 40
733 28
734 42
735 69
736 42
737 28
738 16
739 11
740 99
741 71
742 18
743 28
744 1
745 19
746 41
747 8
748 10
749 8
750 40
751 36
752 21
753 16
754 32
755 0
756 42
757 13
758 41
759 27
760 40
761 41
762 23
763 12
764 63
765 55
766 67
767 43
768 71
769 59
770 10
771 48
772 20
773 44
774 15
775 46
776 24
777 55
778 52
779 21
780 50
781 44
782 28
783 14
784 55
785 40
786 18
787 36
788 4
789 39
790 33
791 36
792 54
793 51
794 53
795 42
796 26
797 25
798 1
799 28
800 51
801 39
802 46
803 7
804 23
805 53
806 54
807 42
808 4
809 81
810 6
811 30
812 46
813 15
814 0
815 49
816 40
817 8
818 33
819 2
820 2
821 9
822 37
823 32
824 19
825 43
826 40
827 21
828 19
829 48
830 40
831 23
832 18
833 31
834 26
835 83
836 21
837 41
838 14
839 16
840 4
841 16
842 82
843 49
844 42
845 14
846 13
847 23
848 32
849 25
850 26
851 43
852 8
853 40
854 8
855 5
856 0
857 41
858 62
859 16
860 18
861 43
862 10
863 6
864 45
865 72
866 49
867 22
868 14
869 24
870 42
871 2
872 53
873 25
874 2
875 35
876 35
877 17
878 7
879 12
880 12
881 6
882 41
883 19
884 16
885 15
886 43
887 31
888 5
889 6
890 8
891 40
892 55
893 32
894 0
895 54
896 47
897 54
898 21
899 61
900 52
901 16
902 28
903 4
904 27
905 29
906 1
907 33
908 37
909 11
910 37
911 24
912 38
913 87
914 40
915 34
916 5
917 3
918 33
919 5
920 31
921 29
922 43
923 0
924 86
925 50
926 37
927 8
928 39
929 55
930 21
931 68
932 41
933 67
934 1
935 63
936 55
937 31
938 61
939 67
940 6
941 69
942 48
943 10
944 35
945 37
946 51
947 31
948 24
949 5
950 35
951 32
952 83
953 71
954 37
955 5
956 11
957 0
958 43
959 15
960 33
961 1
962 33
963 4
964 31
965 54
966 53
967 49
968 37
969 42
970 7
971 1
972 37
973 10
974 36
975 35
976 52
977 51
978 22
979 53
980 43
981 33
982 27
983 15
984 25
985 57
986 34
987 52
988 50
989 22
990 62
991 6
992 31
993 0
994 53
995 35
996 3
997 43
998 27
999 36
1000 86
1001 52
1002 47
1003 48
1004 9
1005 57
1006 40
1007 42
1008 48
1009 55
1010 30
1011 12
1012 14
1013 19
1014 82
1015 31
1016 38
1017 38
1018 34
1019 33
1020 84
1021 40
1022 47
1023 60
1024 1
1025 40
1026 48
1027 48
1028 31
1029 42
1030 28
1031 29
1032 18
1033 19
1034 17
1035 20
1036 22
1037 57
1038 3
1039 24
1040 48
1041 56
1042 9
1043 48
1044 47
1045 21
1046 12
1047 61
1048 22
1049 65
1050 8
1051 28
1052 22
1053 0
1054 45
1055 39
1056 9
1057 17
1058 56
1059 33
1060 13
1061 28
1062 31
1063 33
1064 4
1065 6
1066 31
1067 11
1068 23
1069 10
1070 6
1071 73
1072 44
1073 33
1074 2
1075 27
1076 25
1077 61
1078 62
1079 50
1080 63
1081 11
1082 2
1083 2
1084 30
1085 56
1086 8
1087 55
1088 17
1089 28
1090 34
1091 17
1092 33
1093 55
1094 32
1095 41
1096 11
1097 1
1098 32
1099 0
1100 5
1101 0
1102 27
1103 4
1104 1
1105 55
1106 30
1107 55
1108 29
1109 34
1110 32
1111 33
1112 54
1113 43
1114 2
1115 32
1116 70
1117 60
1118 35
1119 14
1120 26
1121 46
1122 46
1123 43
1124 25
1125 58
1126 11
1127 42
1128 24
1129 73
1130 41
1131 47
1132 45
1133 58
1134 16
1135 38
1136 59
1137 54
1138 15
1139 43
1140 16
1141 16
1142 12
1143 59
1144 58
1145 45
1146 51
1147 10
1148 54
1149 40
1150 0
1151 20
1152 20
1153 37
1154 67
1155 55
1156 62
1157 67
1158 60
1159 58
1160 34
1161 7
1162 31
1163 2
1164 74
1165 3
1166 51
1167 32
1168 30
1169 54
1170 53
1171 29
1172 24
1173 12
1174 27
1175 34
1176 34
1177 5
1178 6
1179 51
1180 23
1181 39
1182 37
1183 36
1184 26
1185 44
1186 14
1187 72
1188 68
1189 50
1190 19
1191 62
1192 27
1193 14
1194 34
1195 43
1196 1
1197 35
1198 56
1199 21
1200 53
1201 0
1202 6
1203 48
1204 55
1205 29
1206 27
1207 33
1208 26
1209 29
1210 7
1211 42
1212 18
1213 15
1214 1
1215 55
1216 56
1217 65
1218 17
1219 64
1220 1
1221 61
1222 13
1223 4
1224 60
1225 51
1226 50
1227 11
1228 1
1229 25
1230 16
1231 51
1232 26
1233 6
1234 27
1235 0
1236 26
1237 26
1238 28
1239 26
1240 0
1241 25
1242 27
1243 72
1244 76
1245 29
1246 10
1247 38
1248 8
1249 29
1250 11
1251 18
1252 5
1253 51
1254 50
1255 52
1256 28
1257 32
1258 4
1259 30
1260 37
1261 28
1262 57
1263 9
1264 31
1265 20
1266 49
1267 90
1268 59
1269 23
1270 22
1271 44
1272 25
1273 49
1274 21
1275 39
1276 15
1277 7
1278 7
1279 29
1280 7
1281 14
1282 21
1283 58
1284 45
1285 29
1286 26
1287 48
1288 20
1289 48
1290 10
1291 44
1292 2
1293 46
1294 54
1295 24
1296 33
1297 45
1298 44
1299 43
1300 29
1301 42
1302 34
1303 34
1304 25
1305 60
1306 4
1307 29
1308 5
1309 55
1310 47
1311 33
1312 12
1313 4
1314 5
1315 59
1316 42
1317 5
1318 46
1319 42
1320 39
1321 26
1322 13
1323 43
1324 44
1325 14
1326 0
1327 47
1328 2
1329 52
1330 49
1331 36
1332 11
1333 8
1334 12
1335 61
1336 31
1337 34
1338 29
1339 33
1340 3
1341 31
1342 43
1343 7
1344 36
1345 73
1346 20
1347 2
1348 16
1349 48
1350 19
1351 24
1352 76
1353 59
1354 55
1355 74
1356 73
1357 59
1358 54
1359 30
1360 5
1361 58
1362 10
1363 36
1364 21
1365 25
1366 27
1367 48
1368 26
1369 20
1370 5
1371 51
1372 96
1373 18
1374 11
1375 19
1376 1
1377 61
1378 16
1379 36
1380 29
1381 67
1382 20
1383 53
1384 10
1385 16
1386 0
1387 53
1388 4
1389 27
1390 57
1391 52
1392 85
1393 43
1394 3
1395 10
1396 14
1397 40
1398 44
1399 12
1400 41
1401 48
1402 11
1403 21
1404 48
1405 40
1406 46
1407 24
1408 50
1409 16
1410 36
1411 41
1412 54
1413 5
1414 43
1415 50
1416 3
1417 34
1418 63
1419 42
1420 61
1421 54
1422 31
1423 19
1424 33
1425 31
1426 28
1427 6
1428 65
1429 43
1430 16
1431 50
1432 1
1433 21
1434 29
1435 45
1436 25
1437 41
1438 47
1439 48
1440 37
1441 10
1442 27
1443 8
1444 12
1445 58
1446 46
1447 51
1448 42
1449 18
1450 12
1451 45
1452 32
1453 29
1454 1
1455 38
1456 31
1457 31
1458 32
1459 58
1460 56
1461 25
1462 29
1463 31
1464 32
1465 5
1466 2
1467 30
1468 33
1469 4
1470 34
1471 2
1472 45
1473 2
1474 8
1475 27
1476 0
1477 2
1478 26
1479 26
1480 53
1481 6
1482 21
1483 4
1484 14
1485 56
1486 56
1487 28
1488 59
1489 60
1490 64
1491 28
1492 36
1493 0
1494 33
1495 4
1496 26
1497 38
1498 6
1499 15
1500 16
1501 49
1502 51
1503 19
1504 31
1505 31
1506 23
1507 63
1508 34
1509 26
1510 18
1511 63
1512 62
1513 58
1514 29
1515 1
1516 25
1517 45
1518 22
1519 12
1520 15
1521 40
1522 14
1523 6
1524 13
1525 39
1526 64
1527 63
1528 67
1529 47
1530 54
1531 23
1532 52
1533 72
1534 45
1535 55
1536 57
1537 47
1538 62
1539 9
1540 27
1541 33
1542 52
1543 51
1544 19
1545 12
1546 55
1547 26
1548 30
1549 8
1550 50
1551 54
1552 10
1553 34
1554 23
1555 16
1556 60
1557 70
1558 32
1559 6
1560 53
1561 38
1562 39
1563 30
1564 50
1565 10
1566 26
1567 52
1568 55
1569 44
1570 11
1571 19
1572 16
1573 17
1574 20
1575 18
1576 13
1577 45
1578 53
1579 16
1580 10
1581 16
1582 34
1583 44
1584 43
1585 68
1586 42
1587 12
1588 21
1589 16
1590 60
1591 15
1592 35
1593 14
1594 18
1595 73
1596 45
1597 71
1598 4
1599 67
1600 18
1601 43
1602 57
1603 35
1604 34
1605 56
1606 6
1607 45
1608 32
1609 44
1610 14
1611 9
1612 25
1613 26
1614 39
1615 11
1616 6
1617 12
1618 42
1619 32
1620 26
1621 31
1622 41
1623 28
1624 27
1625 20
1626 28
1627 30
1628 25
1629 34
1630 30
1631 31
1632 1
1633 54
1634 48
1635 16
1636 20
1637 25
1638 24
1639 35
1640 25
1641 25
1642 71
1643 69
1644 73
1645 68
1646 2
1647 68
1648 63
1649 5
1650 26
1651 59
1652 56
1653 30
1654 43
1655 2
1656 56
1657 63
1658 61
1659 62
1660 36
1661 50
1662 55
1663 20
1664 15
1665 30
1666 23
1667 56
1668 47
1669 45
1670 79
1671 47
1672 44
1673 18
1674 50
1675 71
1676 36
1677 7
1678 14
1679 48
1680 36
1681 53
1682 28
1683 54
1684 63
1685 34
1686 57
1687 60
1688 7
1689 31
1690 57
1691 33
1692 11
1693 1
1694 37
1695 8
1696 49
1697 66
1698 9
1699 42
1700 11
1701 33
1702 46
1703 13
1704 30
1705 25
1706 29
1707 36
1708 32
1709 20
1710 23
1711 51
1712 26
1713 26
1714 44
1715 37
1716 36
1717 1
1718 17
1719 39
1720 3
1721 45
1722 56
1723 21
1724 17
1725 38
1726 8
1727 34
1728 2
1729 67
1730 23
1731 59
1732 40
1733 42
1734 9
1735 0
1736 9
1737 43
1738 44
1739 18
1740 7
1741 13
1742 44
1743 44
1744 58
1745 58
1746 22
1747 22
1748 64
1749 56
1750 44
1751 34
1752 13
1753 0
1754 71
1755 64
1756 67
1757 21
1758 40
1759 47
1760 72
1761 40
1762 25
1763 10
1764 15
1765 49
1766 22
1767 25
1768 23
1769 45
1770 71
1771 44
1772 81
1773 36
1774 38
1775 38
1776 28
1777 40
1778 1
1779 61
1780 59
1781 15
1782 34
1783 65
1784 0
1785 29
1786 30
1787 41
1788 35
1789 32
1790 38
1791 39
1792 31
1793 31
1794 12
1795 48
1796 29
1797 47
1798 22
1799 18
1800 38
1801 13
1802 39
1803 7
1804 41
1805 39
1806 22
1807 59
1808 59
1809 59
1810 4
1811 42
1812 30
1813 41
1814 4
1815 44
1816 51
1817 16
1818 48
1819 23
1820 19
1821 42
1822 42
1823 14
1824 9
1825 19
1826 15
1827 34
1828 41
1829 16
1830 14
1831 64
1832 44
1833 35
1834 5
1835 36
1836 12
1837 40
1838 19
1839 57
1840 4
1841 65
1842 4
1843 20
1844 83
1845 27
1846 16
1847 29
1848 1
1849 29
1850 29
1851 47
1852 56
1853 20
1854 44
1855 30
1856 36
1857 32
1858 11
1859 33
1860 32
1861 34
1862 40
1863 0
1864 35
1865 10
1866 37
1867 36
1868 39
1869 40
1870 37
1871 73
1872 37
1873 33
1874 43
1875 4
1876 44
1877 28
1878 58
1879 30
1880 52
1881 15
1882 28
1883 36
1884 1
1885 4
1886 5
1887 5
1888 50
1889 61
1890 24
1891 20
1892 50
1893 29
1894 21
1895 34
1896 27
1897 39
1898 32
1899 59
1900 61
1901 26
1902 44
1903 41
1904 26
1905 44
1906 36
1907 14
1908 49
1909 42
1910 43
1911 11
1912 28
1913 31
1914 17
1915 45
1916 16
1917 16
1918 45
1919 22
1920 28
1921 52
1922 11
1923 52
1924 51
1925 18
1926 35
1927 87
1928 17
1929 55
1930 36
1931 19
1932 34
1933 30
1934 39
1935 39
1936 38
1937 30
1938 0
1939 1
1940 72
1941 5
1942 71
1943 39
1944 33
1945 8
1946 36
1947 33
1948 3
1949 47
1950 37
1951 49
1952 28
1953 23
1954 28
1955 30
1956 2
1957 27
1958 44
1959 41
1960 13
1961 2
1962 49
1963 9
1964 68
1965 26
1966 63
1967 0
1968 1
1969 37
1970 37
1971 1
1972 43
1973 24
1974 44
1975 33
1976 13
1977 34
1978 6
1979 28
1980 36
1981 41
1982 5
1983 19
1984 42
1985 42
1986 9
1987 3
1988 44
1989 2
1990 4
1991 38
1992 32
1993 7
1994 36
1995 39
1996 59
1997 46
1998 23
1999 17
2000 22
2001 30
2002 10
2003 7
2004 32
2005 88
2006 13
2007 25
2008 40
2009 36
2010 36
2011 7
2012 35
2013 40
2014 4
2015 3
2016 47
2017 39
2018 50
2019 56
2020 22
2021 46
2022 28
2023 49
2024 29
2025 28
2026 48
2027 35
2028 47
2029 15
2030 46
2031 30
2032 46
2033 27
2034 62
2035 60
2036 35
2037 34
2038 45
2039 48
2040 33
2041 38
2042 24
2043 46
2044 51
2045 27
2046 11
2047 6
2048 71
2049 15
2050 27
2051 36
2052 9
2053 6
2054 38
2055 10
2056 30
2057 28
2058 2
2059 20
2060 2
2061 62
2062 2
2063 46
2064 28
2065 47
2066 49
2067 18
2068 50
2069 20
2070 57
2071 30
2072 56
2073 21
2074 3
2075 27
2076 57
2077 26
2078 38
2079 33
2080 8
2081 2
2082 3
2083 59
2084 6
2085 53
2086 32
2087 23
2088 57
2089 49
2090 15
2091 47
2092 57
2093 11
2094 56
2095 2
2096 30
2097 25
2098 33
2099 43
2100 3
2101 36
2102 5
2103 48
2104 48
2105 5
2106 6
2107 25
2108 69
2109 8
2110 6
2111 66
2112 49
2113 21
2114 46
2115 22
2116 44
2117 10
2118 19
2119 17
2120 30
2121 38
2122 40
2123 38
2124 26
2125 34
2126 29
2127 45
2128 21
2129 42
2130 37
2131 9
2132 54
2133 13
2134 49
2135 51
2136 17
2137 18
2138 10
2139 18
2140 35
2141 10
2142 57
2143 1
2144 1
2145 25
2146 43
2147 24
2148 45
2149 44
2150 8
2151 11
2152 49
2153 48
2154 46
2155 46
2156 51
2157 14
2158 50
2159 45
2160 38
2161 6
2162 5
2163 37
2164 51
2165 9
2166 5
2167 40
2168 43
2169 40
2170 46
2171 19
2172 41
2173 30
2174 5
2175 17
2176 39
2177 54
2178 55
2179 53
2180 28
2181 0
2182 43
2183 21
2184 20
2185 1
2186 45
2187 25
2188 66
2189 3
2190 33
2191 11
2192 72
2193 54
2194 19
2195 39
2196 31
2197 14
2198 86
2199 6
2200 54
2201 29
2202 51
2203 16
2204 17
2205 50
2206 49
2207 51
2208 47
2209 31
2210 11
2211 25
2212 38
2213 13
2214 3
2215 39
2216 64
2217 36
2218 2
2219 37
2220 5
2221 8
2222 26
2223 41
2224 42
2225 6
2226 12
2227 60
2228 8
2229 37
2230 63
2231 25
2232 62
2233 96
2234 27
2235 27
2236 34
2237 31
2238 75
2239 49
2240 23
2241 19
2242 25
2243 44
2244 17
2245 10
2246 12
2247 46
2248 21
2249 25
2250 41
2251 13
2252 14
2253 48
2254 39
2255 6
2256 43
2257 16
2258 8
2259 12
2260 37
2261 7
2262 27
2263 25
2264 1
2265 24
2266 27
2267 34
2268 62
2269 62
2270 10
2271 90
2272 25
2273 37
2274 40
2275 6
2276 35
2277 0
2278 39
2279 6
2280 37
2281 8
2282 21
2283 49
2284 23
2285 24
2286 25
2287 33
2288 49
2289 35
2290 33
2291 38
2292 37
2293 45
2294 3
2295 7
2296 49
2297 44
2298 15
2299 39
2300 4
2301 1
2302 37
2303 6
2304 37
2305 29
2306 40
2307 1
2308 14
2309 42
2310 7
2311 30
2312 12
2313 7
2314 37
2315 6
2316 25
2317 20
2318 23
2319 8
2320 24
2321 30
2322 8
2323 29
2324 5
2325 33
2326 37
2327 72
2328 73
2329 45
2330 12
2331 46
2332 40
2333 47
2334 45
2335 53
2336 53
2337 27
2338 52
2339 31
2340 8
2341 9
2342 12
2343 42
2344 17
2345 36
2346 11
2347 69
2348 26
2349 55
2350 25
2351 21
2352 26
2353 58
2354 72
2355 68
2356 51
2357 21
2358 61
2359 44
2360 50
2361 50
2362 26
2363 57
2364 25
2365 25
2366 28
2367 20
2368 65
2369 10
2370 19
2371 41
2372 2
2373 13
2374 16
2375 84
2376 25
2377 45
2378 4
2379 12
2380 18
2381 37
2382 42
2383 34
2384 37
2385 41
2386 40
2387 45
2388 10
2389 18
2390 85
2391 57
2392 42
2393 1
2394 25
2395 0
2396 43
2397 36
2398 8
2399 12
2400 32
2401 47
2402 25
2403 48
2404 39
2405 1
2406 14
2407 0
2408 58
2409 56
2410 58
2411 69
2412 59
2413 92
2414 20
2415 34
2416 35
2417 12
2418 46
2419 29
2420 28
2421 25
2422 40
2423 42
2424 12
2425 17
2426 54
2427 48
2428 30
2429 18
2430 61
2431 30
2432 41
2433 17
2434 45
2435 44
2436 31
2437 37
2438 35
2439 26
2440 0
2441 67
2442 5
2443 39
2444 7
2445 33
2446 17
2447 31
2448 33
2449 0
2450 31
2451 32
2452 57
2453 28
2454 57
2455 22
2456 52
2457 43
2458 7
2459 40
2460 44
2461 66
2462 65
2463 68
2464 28
2465 36
2466 8
2467 0
2468 42
2469 30
2470 46
2471 26
2472 24
2473 65
2474 42
2475 5
2476 10
2477 66
2478 42
2479 44
2480 29
2481 40
2482 16
2483 12
2484 73
2485 48
2486 73
2487 43
2488 57
2489 8
2490 28
2491 2
2492 39
2493 39
2494 6
2495 37
2496 26
2497 39
2498 5
2499 36
2500 9
2501 39
2502 31
2503 32
2504 7
2505 32
2506 27
2507 3
2508 1
2509 45
2510 45
2511 71
2512 35
2513 46
2514 13
2515 17
2516 17
2517 48
2518 39
2519 9
2520 7
2521 43
2522 18
2523 34
2524 5
2525 29
2526 1
2527 1
2528 0
2529 33
2530 36
2531 25
2532 2
2533 33
2534 0
2535 8
2536 60
2537 30
2538 63
2539 35
2540 37
2541 36
2542 40
2543 40
2544 11
2545 31
2546 58
2547 48
2548 32
2549 32
2550 31
2551 33
2552 29
2553 43
2554 6
2555 44
2556 22
2557 69
2558 67
2559 27
2560 28
2561 9
2562 0
2563 24
2564 69
2565 6
2566 31
2567 24
2568 29
2569 40
2570 66
2571 6
2572 54
2573 23
2574 25
2575 2
2576 0
2577 30
2578 27
2579 3
2580 52
2581 58
2582 6
2583 52
2584 41
2585 14
2586 17
2587 61
2588 62
2589 33
2590 1
2591 6
2592 37
2593 33
2594 39
2595 40
2596 13
2597 13
2598 36
2599 71
2600 7
2601 33
2602 28
2603 5
2604 33
2605 36
2606 7
2607 61
2608 9
2609 12
2610 21
2611 37
2612 8
2613 33
2614 69
2615 9
2616 20
2617 88
2618 13
2619 32
2620 31
2621 9
2622 20
2623 36
2624 51
2625 78
2626 37
2627 48
2628 38
2629 38
2630 9
2631 4
2632 8
2633 39
2634 35
2635 11
2636 37
2637 34
2638 88
2639 28
2640 91
2641 93
2642 51
2643 53
2644 12
2645 14
2646 66
2647 11
2648 35
2649 15
2650 43
2651 72
2652 11
2653 57
2654 32
2655 56
2656 57
2657 93
2658 63
2659 17
2660 33
2661 32
2662 64
2663 32
2664 68
2665 18
2666 22
2667 73
2668 60
2669 26
2670 22
2671 1
2672 20
2673 30
2674 52
2675 1
2676 27
2677 19
2678 44
2679 43
2680 41
2681 13
2682 42
2683 30
2684 30
2685 2
2686 2
2687 44
2688 38
2689 39
2690 53
2691 37
2692 6
2693 52
2694 56
2695 43
2696 11
2697 34
2698 30
2699 48
2700 45
2701 30
2702 44
2703 26
2704 24
2705 47
2706 13
2707 33
2708 18
2709 18
2710 44
2711 36
2712 42
2713 16
2714 37
2715 24
2716 5
2717 30
2718 62
2719 32
2720 58
2721 52
2722 32
2723 59
2724 8
2725 59
2726 22
2727 69
2728 25
2729 35
2730 4
2731 66
2732 26
2733 13
2734 91
2735 72
2736 93
2737 17
2738 29
2739 20
2740 31
2741 30
2742 55
2743 56
2744 31
2745 32
2746 35
2747 32
2748 19
2749 31
2750 30
2751 57
2752 14
2753 51
2754 52
2755 47
2756 26
2757 28
2758 36
2759 33
2760 26
2761 9
2762 9
2763 33
2764 3
2765 59
2766 60
2767 72
2768 11
2769 31
2770 0
2771 28
2772 16
2773 40
2774 42
2775 41
2776 12
2777 4
2778 79
2779 24
2780 27
2781 3
2782 36
2783 53
2784 54
2785 33
2786 38
2787 26
2788 9
2789 0
2790 35
2791 39
2792 5
2793 11
2794 7
2795 44
2796 38
2797 41
2798 39
2799 8
2800 43
2801 5
2802 48
2803 4
2804 65
2805 18
2806 48
2807 55
2808 10
2809 1
2810 51
2811 60
2812 12
2813 3
2814 46
2815 16
2816 29
2817 14
2818 50
2819 46
2820 12
2821 25
2822 18
2823 42
2824 46
2825 9
2826 39
2827 32
2828 3
2829 29
2830 58
2831 27
2832 28
2833 56
2834 26
2835 53
2836 39
2837 19
2838 71
2839 4
2840 44
2841 74
2842 31
2843 5
2844 63
2845 21
2846 58
2847 38
2848 39
2849 4
2850 1
2851 30
2852 41
2853 5
2854 36
2855 19
2856 47
2857 50
2858 32
2859 38
2860 13
2861 32
2862 59
2863 42
2864 20
2865 40
2866 39
2867 43
2868 10
2869 45
2870 2
2871 21
2872 24
2873 67
2874 29
2875 35
2876 7
2877 22
2878 42
2879 15
2880 41
2881 11
2882 45
2883 17
2884 45
2885 5
2886 9
2887 5
2888 44
2889 29
2890 55
2891 65
2892 24
2893 1
2894 54
2895 68
2896 18
2897 57
2898 1
2899 61
2900 0
2901 63
2902 55
2903 37
2904 47
2905 63
2906 57
2907 51
2908 18
2909 0
2910 55
2911 16
2912 6
2913 42
2914 36
2915 33
2916 33
2917 0
2918 27
2919 27
2920 30
2921 29
2922 46
2923 43
2924 25
2925 36
2926 42
2927 43
2928 12
2929 12
2930 41
2931 51
2932 28
2933 25
2934 28
2935 52
2936 99
2937 74
2938 74
2939 47
2940 17
2941 0
2942 11
2943 39
2944 8
2945 36
2946 36
2947 1
2948 33
2949 35
2950 39
2951 37
2952 8
2953 69
2954 45
2955 38
2956 11
2957 36
2958 32
2959 32
2960 3
2961 15
2962 3
2963 43
2964 15
2965 23
2966 24
2967 28
2968 32
2969 19
2970 8
2971 31
2972 39
2973 57
2974 15
2975 62
2976 58
2977 47
2978 69
2979 52
2980 57
2981 23
2982 57
2983 44
2984 36
2985 7
2986 36
2987 10
2988 11
2989 54
2990 51
2991 22
2992 51
2993 27
2994 25
2995 26
2996 1
2997 27
2998 49
2999 68
3000 6
3001 50
3002 54
3003 3
3004 6
3005 10
3006 47
3007 12
3008 22
3009 22
3010 36
3011 63
3012 9
3013 53
3014 25
3015 16
3016 50
3017 42
3018 62
3019 60
3020 63
3021 6
3022 27
3023 28
3024 25
3025 26
3026 45
3027 24
3028 0
3029 42
3030 8
3031 16
3032 14
3033 28
3034 45
3035 24
3036 36
3037 8
3038 45
3039 44
3040 40
3041 25
3042 35
3043 14
3044 30
3045 30
3046 39
3047 39
3048 4
3049 15
3050 41
3051 93
3052 32
3053 28
3054 4
3055 11
3056 21
3057 30
3058 42
3059 16
3060 49
3061 34
3062 87
3063 14
3064 11
3065 15
3066 11
3067 62
3068 13
3069 33
3070 31
3071 58
3072 52
3073 25
3074 52
3075 50
3076 52
3077 26
3078 52
3079 45
3080 46
3081 50
3082 44
3083 52
3084 47
3085 23
3086 45
3087 30
3088 2
3089 27
3090 33
3091 34
3092 50
3093 20
3094 52
3095 17
3096 95
3097 15
3098 39
3099 3
3100 34
3101 3
3102 16
3103 12
3104 39
3105 34
3106 20
3107 1
3108 32
3109 27
3110 27
3111 40
3112 27
3113 31
3114 25
3115 1
3116 32
3117 4
3118 45
3119 0
3120 28
3121 33
3122 26
3123 4
3124 48
3125 66
3126 31
3127 41
3128 31
3129 33
3130 61
3131 5
3132 61
3133 33
3134 51
3135 71
3136 94
3137 28
3138 28
3139 34
3140 34
3141 3
3142 12
3143 10
3144 38
3145 10
3146 26
3147 16
3148 3
3149 39
3150 11
3151 37
3152 43
3153 41
3154 6
3155 20
3156 2
3157 54
3158 57
3159 31
3160 39
3161 52
3162 35
3163 38
3164 4
3165 2
3166 48
3167 30
3168 7
3169 2
3170 63
3171 34
3172 36
3173 34
3174 0
3175 34
3176 0
3177 25
3178 52
3179 40
3180 19
3181 36
3182 6
3183 55
3184 59
3185 54
3186 34
3187 27
3188 23
3189 21
3190 27
3191 23
3192 14
3193 31
3194 28
3195 0
3196 43
3197 12
3198 26
3199 13
3200 5
3201 60
3202 66
3203 51
3204 25
3205 38
3206 14
3207 4
3208 38
3209 46
3210 19
3211 72
3212 3
3213 33
3214 61
3215 36
3216 6
3217 33
3218 40
3219 3
3220 35
3221 12
3222 38
3223 30
3224 31
3225 30
3226 32
3227 15
3228 93
3229 75
3230 14
3231 48
3232 72
3233 41
3234 59
3235 43
3236 42
3237 16
3238 4
3239 5
3240 19
3241 26
3242 20
3243 21
3244 56
3245 50
3246 95
3247 16
3248 14
3249 49
3250 74
3251 24
3252 23
3253 45
3254 5
3255 43
3256 41
3257 43
3258 8
3259 60
3260 3
3261 65
3262 24
3263 62
3264 8
3265 39
3266 36
3267 42
3268 43
3269 20
3270 4
3271 39
3272 46
3273 15
3274 47
3275 49
3276 7
3277 8
3278 64
3279 68
3280 63
3281 62
3282 35
3283 13
3284 5
3285 41
3286 14
3287 16
3288 43
3289 88
3290 65
3291 21
3292 12
3293 23
3294 46
3295 40
3296 2
3297 17
3298 12
3299 42
3300 43
3301 45
3302 19
3303 47
3304 13
3305 32
3306 32
3307 61
3308 34
3309 37
3310 37
3311 47
3312 31
3313 14
3314 48
3315 22
3316 33
3317 39
3318 31
3319 33
3320 47
3321 36
3322 26
3323 2
3324 43
3325 3
3326 1
3327 40
3328 39
3329 5
3330 10
3331 2
3332 35
3333 30
3334 18
3335 39
3336 41
3337 42
3338 44
3339 31
3340 38
3341 7
3342 39
3343 10
3344 10
3345 6
3346 8
3347 4
3348 45
3349 40
3350 7
3351 18
3352 16
3353 70
3354 35
3355 61
3356 59
3357 47
3358 26
3359 17
3360 49
3361 26
3362 33
3363 4
3364 3
3365 54
3366 61
3367 18
3368 40
3369 9
3370 53
3371 90
3372 51
3373 19
3374 63
3375 7
3376 24
3377 33
3378 37
3379 32
3380 35
3381 2
3382 22
3383 17
3384 49
3385 30
3386 28
3387 34
3388 45
3389 17
3390 10
3391 38
3392 23
3393 4
3394 39
3395 12
3396 39
3397 11
3398 7
3399 43
3400 5
3401 37
3402 12
3403 10
3404 18
3405 21
3406 22
3407 19
3408 68
3409 33
3410 35
3411 5
3412 5
3413 20
3414 9
3415 74
3416 70
3417 71
3418 6
3419 34
3420 6
3421 31
3422 36
3423 0
3424 17
3425 39
3426 47
3427 24
3428 9
3429 84
3430 28
3431 16
3432 69
3433 56
3434 45
3435 63
3436 32
3437 51
3438 29
3439 60
3440 70
3441 70
3442 50
3443 52
3444 7
3445 52
3446 39
3447 32
3448 43
3449 33
3450 38
3451 25
3452 24
3453 23
3454 43
3455 85
3456 31
3457 41
3458 37
3459 38
3460 60
3461 5
3462 64
3463 62
3464 45
3465 40
3466 6
3467 41
3468 12
3469 6
3470 97
3471 39
3472 40
3473 89
3474 8
3475 55
3476 17
3477 4
3478 59
3479 50
3480 4
3481 52
3482 3
3483 57
3484 47
3485 16
3486 20
3487 35
3488 42
3489 34
3490 44
3491 5
3492 21
3493 26
3494 20
3495 15
3496 48
3497 46
3498 14
3499 51
3500 10
3501 73
3502 53
3503 53
3504 66
3505 41
3506 44
3507 46
3508 15
3509 31
3510 44
3511 20
3512 41
3513 28
3514 39
3515 30
3516 9
3517 0
3518 52
3519 25
3520 8
3521 51
3522 57
3523 44
3524 28
3525 10
3526 18
3527 8
3528 65
3529 38
3530 3
3531 4
3532 6
3533 39
3534 30
3535 30
3536 1
3537 30
3538 67
3539 26
3540 34
3541 45
3542 45
3543 1
3544 47
3545 51
3546 24
3547 55
3548 29
3549 49
3550 20
3551 20
3552 52
3553 44
3554 32
3555 1
3556 33
3557 0
3558 24
3559 35
3560 20
3561 25
3562 52
3563 44
3564 47
3565 46
3566 18
3567 14
3568 33
3569 6
3570 24
3571 45
3572 60
3573 25
3574 64
3575 63
3576 69
3577 58
3578 39
3579 10
3580 4
3581 36
3582 1
3583 58
3584 40
3585 10
3586 41
3587 32
3588 1
3589 33
3590 55
3591 4
3592 32
3593 54
3594 37
3595 11
3596 3
3597 12
3598 61
3599 68
3600 71
3601 41
3602 40
3603 6
3604 16
3605 5
3606 37
3607 43
3608 42
3609 9
3610 14
3611 10
3612 11
3613 75
3614 56
3615 57
3616 26
3617 29
3618 24
3619 21
3620 54
3621 93
3622 49
3623 49
3624 31
3625 47
3626 7
3627 13
3628 12
3629 47
3630 30
3631 35
3632 61
3633 33
3634 35
3635 1
3636 9
3637 14
3638 20
3639 28
3640 9
3641 23
3642 19
3643 40
3644 45
3645 5
3646 39
3647 59
3648 22
3649 57
3650 28
3651 21
3652 19
3653 25
3654 23
3655 51
3656 27
3657 16
3658 60
3659 0
3660 55
3661 63
3662 37
3663 39
3664 8
3665 46
3666 3
3667 38
3668 45
3669 48
3670 13
3671 15
3672 49
3673 69
3674 2
3675 40
3676 39
3677 5
3678 15
3679 58
3680 20
3681 48
3682 34
3683 36
3684 3
3685 43
3686 36
3687 19
3688 28
3689 30
3690 5
3691 5
3692 54
3693 59
3694 60
3695 64
3696 13
3697 58
3698 45
3699 28
3700 14
3701 47
3702 27
3703 32
3704 65
3705 29
3706 27
3707 33
3708 33
3709 24
3710 16
3711 15
3712 22
3713 20
3714 2
3715 23
3716 77
3717 14
3718 59
3719 21
3720 23
3721 15
3722 65
3723 31
3724 41
3725 41
3726 9
3727 29
3728 23
3729 16
3730 70
3731 89
3732 72
3733 30
3734 73
3735 45
3736 41
3737 22
3738 10
3739 47
3740 21
3741 2
3742 21
3743 14
3744 35
3745 16
3746 38
3747 35
3748 65
3749 33
3750 32
3751 31
3752 51
3753 29
3754 46
3755 18
3756 39
3757 32
3758 13
3759 61
3760 1
3761 80
3762 11
3763 25
3764 48
3765 15
3766 40
3767 42
3768 27
3769 22
3770 47
3771 23
3772 24
3773 24
3774 31
3775 2
3776 2
3777 24
3778 49
3779 17
3780 49
3781 8
3782 49
3783 61
3784 30
3785 0
3786 0
3787 32
3788 7
3789 99
3790 84
3791 49
3792 39
3793 69
3794 49
3795 69
3796 34
3797 37
3798 59
3799 33
3800 45
3801 17
3802 47
3803 6
3804 37
3805 37
3806 35
3807 7
3808 37
3809 46
3810 27
3811 34
3812 45
3813 23
3814 56
3815 1
3816 41
3817 36
3818 14
3819 4
3820 34
3821 38
3822 28
3823 0
3824 52
3825 12
3826 13
3827 17
3828 84
3829 92
3830 65
3831 38
3832 36
3833 33
3834 1
3835 30
3836 1
3837 9
3838 0
3839 13
3840 5
3841 33
3842 32
3843 31
3844 5
3845 1
3846 33
3847 4
3848 1
3849 28
3850 9
3851 30
3852 30
3853 11
3854 32
3855 3
3856 26
3857 12
3858 64
3859 61
3860 48
3861 19
3862 63
3863 46
3864 71
3865 54
3866 35
3867 25
3868 23
3869 50
3870 25
3871 22
3872 30
3873 63
3874 25
3875 17
3876 61
3877 59
3878 36
3879 4
3880 10
3881 36
3882 42
3883 31
3884 26
3885 45
3886 12
3887 44
3888 63
3889 7
3890 51
3891 40
3892 38
3893 35
3894 9
3895 38
3896 59
3897 31
3898 34
3899 55
3900 45
3901 31
3902 30
3903 34
3904 36
3905 33
3906 33
3907 49
3908 12
3909 27
3910 46
3911 39
3912 36
3913 0
3914 65
3915 7
3916 39
3917 4
3918 2
3919 36
3920 26
3921 23
3922 27
3923 20
3924 30
3925 44
3926 6
3927 35
3928 10
3929 8
3930 36
3931 17
3932 41
3933 12
3934 10
3935 14
3936 37
3937 32
3938 30
3939 32
3940 58
3941 24
3942 37
3943 21
3944 30
3945 28
3946 55
3947 27
3948 12
3949 37
3950 19
3951 14
3952 46
3953 41
3954 24
3955 40
3956 16
3957 49
3958 8
3959 55
3960 2
3961 30
3962 5
3963 27
3964 47
3965 33
3966 6
3967 24
3968 13
3969 45
3970 63
3971 34
3972 9
3973 34
3974 31
3975 1
3976 35
3977 3
3978 18
3979 37
3980 17
3981 42
3982 43
3983 32
3984 31
3985 34
3986 26
3987 38
3988 37
3989 15
3990 11
3991 50
3992 52
3993 53
3994 14
3995 49
3996 25
3997 31
3998 46
3999 46
4000 50
4001 49
4002 18
4003 14
4004 51
4005 50
4006 52
4007 58
4008 40
4009 17
4010 18
4011 38
4012 0
4013 38
4014 5
4015 12
4016 2
4017 5
4018 36
4019 10
4020 30
4021 35
4022 89
4023 26
4024 5
4025 34
4026 50
4027 38
4028 44
4029 71
4030 17
4031 26
4032 1
4033 28
4034 57
4035 23
4036 27
4037 39
4038 36
4039 2
4040 7
4041 10
4042 63
4043 24
4044 21
4045 47
4046 37
4047 36
4048 6
4049 15
4050 47
4051 24
4052 44
4053 42
4054 43
4055 7
4056 44
4057 49
4058 25
4059 4
4060 25
4061 24
4062 39
4063 37
4064 34
4065 0
4066 11
4067 24
4068 0
4069 16
4070 34
4071 10
4072 2
4073 16
4074 44
4075 31
4076 5
4077 43
4078 15
4079 40
4080 5
4081 42
4082 9
4083 41
4084 34
4085 6
4086 63
4087 34
4088 48
4089 22
4090 0
4091 32
4092 40
4093 38
4094 38
4095 35
4096 37
4097 4
4098 0
4099 53
4100 18
4101 52
4102 3
4103 60
4104 8
4105 51
4106 27
4107 72
4108 43
4109 43
4110 6
4111 8
4112 51
4113 51
4114 45
4115 21
4116 36
4117 5
4118 34
4119 15
4120 10
4121 6
4122 12
4123 67
4124 30
4125 69
4126 40
4127 60
4128 20
4129 25
4130 64
4131 30
4132 20
4133 42
4134 43
4135 10
4136 19
4137 59
4138 9
4139 61
4140 55
4141 20
4142 18
4143 7
4144 33
4145 9
4146 35
4147 7
4148 33
4149 46
4150 44
4151 7
4152 16
4153 38
4154 48
4155 2
4156 29
4157 28
4158 23
4159 1
4160 20
4161 14
4162 60
4163 62
4164 75
4165 23
4166 75
4167 45
4168 69
4169 26
4170 31
4171 20
4172 34
4173 34
4174 8
4175 32
4176 39
4177 40
4178 5
4179 7
4180 8
4181 30
4182 7
4183 30
4184 38
4185 5
4186 38
4187 8
4188 49
4189 48
4190 55
4191 34
4192 57
4193 1
4194 7
4195 54
4196 25
4197 0
4198 34
4199 39
4200 66
4201 5
4202 12
4203 61
4204 15
4205 61
4206 0
4207 44
4208 33
4209 41
4210 13
4211 12
4212 12
4213 45
4214 62
4215 8
4216 31
4217 4
4218 13
4219 26
4220 80
4221 42
4222 42
4223 63
4224 90
4225 42
4226 54
4227 15
4228 14
4229 29
4230 4
4231 31
4232 32
4233 5
4234 42
4235 1
4236 4
4237 40
4238 66
4239 45
4240 37
4241 13
4242 24
4243 68
4244 26
4245 31
4246 4
4247 50
4248 53
4249 55
4250 21
4251 41
4252 37
4253 21
4254 11
4255 6
4256 8
4257 54
4258 25
4259 20
4260 39
4261 41
4262 14
4263 7
4264 30
4265 48
4266 5
4267 30
4268 23
4269 43
4270 58
4271 49
4272 59
4273 55
4274 46
4275 48
4276 21
4277 29
4278 25
4279 49
4280 25
4281 10
4282 28
4283 29
4284 2
4285 20
4286 48
4287 39
4288 46
4289 12
4290 18
4291 36
4292 37
4293 3
4294 35
4295 3
4296 22
4297 42
4298 1
4299 1
4300 38
4301 36
4302 14
4303 7
4304 33
4305 54
4306 50
4307 54
4308 52
4309 46
4310 49
4311 56
4312 5
4313 23
4314 67
4315 47
4316 7
4317 50
4318 39
4319 88
4320 50
4321 32
4322 46
4323 21
4324 0
4325 10
4326 49
4327 48
4328 22
4329 41
4330 21
4331 54
4332 5
4333 59
4334 55
4335 16
4336 60
4337 44
4338 42
4339 26
4340 64
4341 35
4342 41
4343 8
4344 21
4345 15
4346 17
4347 3
4348 42
4349 43
4350 39
4351 32
4352 1
4353 52
4354 53
4355 30
4356 31
4357 52
4358 34
4359 4
4360 30
4361 5
4362 33
4363 54
4364 22
4365 29
4366 8
4367 44
4368 23
4369 65
4370 69
4371 31
4372 30
4373 38
4374 8
4375 55
4376 7
4377 27
4378 2
4379 15
4380 6
4381 48
4382 94
4383 21
4384 48
4385 12
4386 14
4387 7
4388 13
4389 22
4390 51
4391 27
4392 17
4393 48
4394 69
4395 5
4396 24
4397 58
4398 33
4399 40
4400 32
4401 46
4402 16
4403 48
4404 19
4405 16
4406 14
4407 30
4408 51
4409 51
4410 42
4411 9
4412 9
4413 42
4414 5
4415 27
4416 21
4417 30
4418 26
4419 74
4420 35
4421 44
4422 8
4423 41
4424 4
4425 19
4426 28
4427 42
4428 14
4429 43
4430 42
4431 71
4432 9
4433 44
4434 38
4435 41
4436 51
4437 52
4438 53
4439 4
4440 28
4441 62
4442 5
4443 38
4444 34
4445 41
4446 13
4447 44
4448 44
4449 34
4450 43
4451 68
4452 47
4453 9
4454 18
4455 49
4456 46
4457 52
4458 32
4459 62
4460 51
4461 30
4462 52
4463 45
4464 8
4465 17
4466 55
4467 58
4468 54
4469 60
4470 3
4471 60
4472 5
4473 48
4474 26
4475 3
4476 57
4477 42
4478 10
4479 5
4480 34
4481 44
4482 27
4483 11
4484 61
4485 35
4486 36
4487 7
4488 34
4489 37
4490 72
4491 66
4492 17
4493 34
4494 1
4495 59
4496 21
4497 29
4498 63
4499 18
4500 58
4501 49
4502 48
4503 49
4504 27
4505 68
4506 0
4507 54
4508 48
4509 9
4510 48
4511 24
4512 32
4513 8
4514 8
4515 35
4516 2
4517 1
4518 40
4519 10
4520 12
4521 25
4522 47
4523 49
4524 2
4525 39
4526 65
4527 49
4528 71
4529 75
4530 45
4531 12
4532 49
4533 44
4534 48
4535 11
4536 48
4537 10
4538 51
4539 48
4540 49
4541 45
4542 15
4543 47
4544 48
4545 50
4546 60
4547 36
4548 59
4549 51
4550 29
4551 53
4552 75
4553 41
4554 27
4555 95
4556 46
4557 54
4558 11
4559 44
4560 47
4561 49
4562 4
4563 50
4564 15
4565 21
4566 23
4567 56
4568 29
4569 64
4570 60
4571 50
4572 25
4573 27
4574 19
4575 52
4576 52
4577 25
4578 6
4579 54
4580 28
4581 21
4582 1
4583 12
4584 52
4585 18
4586 35
4587 6
4588 9
4589 93
4590 40
4591 2
4592 12
4593 51
4594 10
4595 41
4596 43
4597 19
4598 35
4599 19
4600 44
4601 21
4602 44
4603 20
4604 21
4605 28
4606 27
4607 66
4608 68
4609 31
4610 52
4611 34
4612 35
4613 4
4614 32
4615 40
4616 50
4617 4
4618 50
4619 21
4620 57
4621 19
4622 60
4623 29
4624 20
4625 63
4626 12
4627 38
4628 60
4629 63
4630 38
4631 37
4632 3
4633 35
4634 91
4635 30
4636 61
4637 62
4638 54
4639 28
4640 65
4641 62
4642 40
4643 24
4644 51
4645 12
4646 5
4647 50
4648 0
4649 19
4650 1
4651 0
4652 49
4653 46
4654 50
4655 16
4656 47
4657 44
4658 16
4659 6
4660 15
4661 57
4662 50
4663 21
4664 32
4665 49
4666 51
4667 40
4668 49
4669 20
4670 45
4671 46
4672 45
4673 48
4674 5
4675 55
4676 43
4677 8
4678 23
4679 49
4680 38
4681 37
4682 5
4683 0
4684 43
4685 36
4686 12
4687 64
4688 23
4689 34
4690 6
4691 3
4692 22
4693 48
4694 46
4695 23
4696 15
4697 49
4698 22
4699 5
4700 45
4701 61
4702 28
4703 13
4704 67
4705 25
4706 25
4707 28
4708 28
4709 31
4710 24
4711 4
4712 66
4713 40
4714 59
4715 44
4716 12
4717 53
4718 10
4719 66
4720 29
4721 67
4722 46
4723 35
4724 21
4725 18
4726 33
4727 31
4728 33
4729 34
4730 5
4731 27
4732 51
4733 25
4734 28
4735 47
4736 38
4737 8
4738 9
4739 1
4740 6
4741 39
4742 48
4743 42
4744 39
4745 45
4746 48
4747 25
4748 47
4749 13
4750 39
4751 40
4752 39
4753 40
4754 34
4755 5
4756 27
4757 29
4758 28
4759 26
4760 49
4761 47
4762 43
4763 24
4764 66
4765 32
4766 41
4767 68
4768 20
4769 6
4770 40
4771 10
4772 5
4773 42
4774 37
4775 30
4776 18
4777 10
4778 51
4779 52
4780 4
4781 48
4782 18
4783 20
4784 60
4785 36
4786 19
4787 42
4788 7
4789 43
4790 14
4791 10
4792 23
4793 49
4794 16
4795 22
4796 32
4797 11
4798 54
4799 30
4800 0
4801 50
4802 50
4803 49
4804 13
4805 47
4806 2
4807 64
4808 36
4809 32
4810 40
4811 15
4812 40
4813 7
4814 62
4815 26
4816 1
4817 27
4818 27
4819 51
4820 27
4821 29
4822 23
4823 47
4824 58
4825 20
4826 47
4827 45
4828 5
4829 42
4830 12
4831 44
4832 27
4833 43
4834 23
4835 16
4836 15
4837 26
4838 39
4839 40
4840 46
4841 48
4842 29
4843 20
4844 15
4845 52
4846 19
4847 63
4848 43
4849 92
4850 17
4851 91
4852 16
4853 45
4854 7
4855 3
4856 72
4857 39
4858 4
4859 1
4860 32
4861 27
4862 56
4863 13
4864 33
4865 56
4866 24
4867 62
4868 57
4869 59
4870 52
4871 53
4872 28
4873 54
4874 53
4875 52
4876 17
4877 53
4878 54
4879 18
4880 30
4881 8
4882 33
4883 33
4884 2
4885 46
4886 43
4887 44
4888 2
4889 16
4890 57
4891 33
4892 25
4893 56
4894 49
4895 68
4896 33
4897 71
4898 4
4899 31
4900 32
4901 31
4902 39
4903 33
4904 54
4905 52
4906 50
4907 48
4908 34
4909 12
4910 10
4911 50
4912 37
4913 14
4914 43
4915 38
4916 40
4917 61
4918 22
4919 63
4920 22
4921 25
4922 10
4923 44
4924 5
4925 39
4926 10
4927 57
4928 52
4929 43
4930 20
4931 23
4932 51
4933 45
4934 30
4935 36
4936 72
4937 34
4938 26
4939 20
4940 28
4941 25
4942 1
4943 43
4944 17
4945 41
4946 40
4947 65
4948 59
4949 64
4950 12
4951 66
4952 26
4953 29
4954 46
4955 2
4956 50
4957 47
4958 59
4959 24
4960 42
4961 17
4962 29
4963 8
4964 46
4965 45
4966 2
4967 33
4968 10
4969 15
4970 48
4971 40
4972 24
4973 14
4974 27
4975 0
4976 25
4977 27
4978 66
4979 42
4980 68
4981 35
4982 36
4983 34
4984 38
4985 29
4986 8
4987 13
4988 69
4989 37
4990 4
4991 37
4992 4
4993 41
4994 4
4995 11
4996 33
4997 25
4998 21
4999 25
5000 25
5001 25
5002 60
5003 50
5004 23
5005 51
5006 2
5007 26
5008 27
5009 27
5010 53
5011 5
5012 23
5013 23
5014 41
5015 44
5016 45
5017 16
5018 33
5019 1
5020 7
5021 30
5022 31
5023 9
5024 32
5025 59
5026 9
5027 53
5028 28
5029 27
5030 7
5031 0
5032 49
5033 18
5034 19
5035 21
5036 15
5037 43
5038 49
5039 49
5040 18
5041 68
5042 4
5043 69
5044 3
5045 28
5046 30
5047 2
5048 6
5049 30
5050 62
5051 38
5052 12
5053 36
5054 37
5055 37
5056 55
5057 53
5058 58
5059 23
5060 67
5061 66
5062 50
5063 26
5064 48
5065 22
5066 43
5067 53
5068 48
5069 82
5070 11
5071 60
5072 20
5073 26
5074 27
5075 26
5076 1
5077 48
5078 9
5079 19
5080 12
5081 20
5082 99
5083 57
5084 52
5085 16
5086 10
5087 57
5088 53
5089 55
5090 23
5091 52
5092 6
5093 30
5094 1
5095 64
5096 56
5097 62
5098 55
5099 26
5100 54
5101 48
5102 44
5103 11
5104 62
5105 63
5106 35
5107 35
5108 13
5109 11
5110 56
5111 59
5112 72
5113 38
5114 8
5115 9
5116 35
5117 13
5118 47
5119 50
5120 19
5121 47
5122 4
5123 27
5124 62
5125 28
5126 11
5127 8
5128 41
5129 18
5130 4
5131 51
5132 15
5133 28
5134 62
5135 67
5136 38
5137 8
5138 19
5139 7
5140 37
5141 27
5142 25
5143 49
5144 29
5145 23
5146 58
5147 27
5148 41
5149 32
5150 5
5151 0
5152 46
5153 29
5154 12
5155 61
5156 19
5157 90
5158 30
5159 68
5160 12
5161 52
5162 26
5163 9
5164 54
5165 66
5166 5
5167 62
5168 32
5169 11
5170 59
5171 34
5172 12
5173 0
5174 8
5175 5
5176 57
5177 30
5178 74
5179 74
5180 38
5181 0
5182 3
5183 39
5184 10
5185 59
5186 31
5187 56
5188 64
5189 30
5190 60
5191 13
5192 49
5193 21
5194 47
5195 34
5196 3
5197 28
5198 58
5199 42
5200 12
5201 43
5202 17
5203 17
5204 41
5205 8
5206 44
5207 37
5208 28
5209 0
5210 0
5211 26
5212 32
5213 46
5214 15
5215 25
5216 16
5217 45
5218 50
5219 44
5220 4
5221 2
5222 24
5223 9
5224 42
5225 32
5226 14
5227 12
5228 8
5229 65
5230 38
5231 27
5232 48
5233 35
5234 40
5235 46
5236 20
5237 40
5238 14
5239 35
5240 40
5241 46
5242 9
5243 54
5244 1
5245 47
5246 4
5247 47
5248 14
5249 48
5250 34
5251 49
5252 53
5253 43
5254 49
5255 17
5256 46
5257 9
5258 39
5259 36
5260 6
5261 41
5262 37
5263 30
5264 14
5265 4
5266 36
5267 28
5268 22
5269 47
5270 46
5271 59
5272 26
5273 11
5274 71
5275 30
5276 28
5277 74
5278 64
5279 65
5280 62
5281 65
5282 65
5283 17
5284 64
5285 95
5286 80
5287 79
5288 21
5289 40
5290 30
5291 27
5292 38
5293 7
5294 9
5295 17
5296 6
5297 44
5298 3
5299 37
5300 27
5301 4
5302 36
5303 43
5304 8
5305 5
5306 41
5307 44
5308 53
5309 48
5310 6
5311 13
5312 52
5313 27
5314 49
5315 15
5316 33
5317 20
5318 25
5319 46
5320 35
5321 7
5322 15
5323 16
5324 35
5325 38
5326 13
5327 39
5328 44
5329 38
5330 15
5331 9
5332 58
5333 39
5334 9
5335 14
5336 34
5337 64
5338 48
5339 39
5340 25
5341 42
5342 2
5343 47
5344 17
5345 46
5346 7
5347 19
5348 29
5349 50
5350 17
5351 51
5352 74
5353 41
5354 10
5355 41
5356 41
5357 43
5358 21
5359 31
5360 1
5361 19
5362 44
5363 32
5364 6
5365 36
5366 32
5367 32
5368 79
5369 10
5370 24
5371 49
5372 46
5373 43
5374 10
5375 51
5376 47
5377 21
5378 51
5379 19
5380 21
5381 53
5382 0
5383 11
5384 25
5385 47
5386 18
5387 32
5388 46
5389 17
5390 33
5391 9
5392 1
5393 44
5394 17
5395 43
5396 14
5397 85
5398 73
5399 43
5400 25
5401 31
5402 6
5403 23
5404 46
5405 16
5406 55
5407 21
5408 23
5409 26
5410 51
5411 0
5412 46
5413 40
5414 30
5415 42
5416 42
5417 54
5418 53
5419 19
5420 16
5421 51
5422 36
5423 35
5424 13
5425 5
5426 53
5427 14
5428 16
5429 41
5430 43
5431 33
5432 31
5433 1
5434 7
5435 54
5436 25
5437 52
5438 53
5439 26
5440 64
5441 57
5442 55
5443 84
5444 3
5445 12
5446 47
5447 63
5448 73
5449 2
5450 57
5451 35
5452 26
5453 33
5454 34
5455 28
5456 50
5457 26
5458 53
5459 13
5460 37
5461 12
5462 37
5463 35
5464 29
5465 56
5466 56
5467 59
5468 32
5469 33
5470 34
5471 33
5472 59
5473 57
5474 43
5475 16
5476 51
5477 62
5478 44
5479 86
5480 90
5481 36
5482 37
5483 36
5484 10
5485 34
5486 17
5487 37
5488 9
5489 32
5490 25
5491 31
5492 62
5493 56
5494 27
5495 36
5496 35
5497 9
5498 6
5499 53
5500 27
5501 29
5502 0
5503 22
5504 22
5505 22
5506 48
5507 38
5508 44
5509 7
5510 1
5511 3
5512 39
5513 43
5514 28
5515 44
5516 3
5517 9
5518 42
5519 9
5520 36
5521 48
5522 55
5523 19
5524 45
5525 53
5526 6
5527 53
5528 5
5529 20
5530 52
5531 25
5532 58
5533 31
5534 32
5535 6
5536 52
5537 33
5538 24
5539 27
5540 75
5541 72
5542 47
5543 15
5544 15
5545 20
5546 41
5547 37
5548 42
5549 11
5550 13
5551 30
5552 18
5553 33
5554 15
5555 6
5556 34
5557 43
5558 13
5559 1
5560 44
5561 6
5562 35
5563 6
5564 15
5565 37
5566 12
5567 20
5568 47
5569 46
5570 22
5571 44
5572 17
5573 43
5574 18
5575 13
5576 11
5577 41
5578 9
5579 54
5580 8
5581 7
5582 42
5583 25
5584 28
5585 31
5586 34
5587 27
5588 27
5589 25
5590 5
5591 37
5592 11
5593 14
5594 41
5595 39
5596 2
5597 21
5598 54
5599 21
5600 23
5601 70
5602 16
5603 72
5604 44
5605 41
5606 76
5607 64
5608 55
5609 59
5610 12
5611 28
5612 1
5613 20
5614 25
5615 36
5616 11
5617 35
5618 30
5619 65
5620 60
5621 3
5622 60
5623 28
5624 63
5625 43
5626 16
5627 11
5628 43
5629 35
5630 4
5631 4
5632 38
5633 19
5634 32
5635 35
5636 38
5637 13
5638 25
5639 0
5640 37
5641 35
5642 17
5643 10
5644 36
5645 37
5646 42
5647 36
5648 5
5649 27
5650 38
5651 12
5652 29
5653 10
5654 37
5655 16
5656 7
5657 83
5658 37
5659 42
5660 41
5661 15
5662 44
5663 2
5664 74
5665 38
5666 48
5667 73
5668 13
5669 66
5670 28
5671 28
5672 29
5673 28
5674 42
5675 18
5676 36
5677 2
5678 10
5679 9
5680 34
5681 7
5682 5
5683 32
5684 28
5685 23
5686 27
5687 30
5688 29
5689 46
5690 19
5691 19
5692 8
5693 37
5694 37
5695 39
5696 37
5697 33
5698 14
5699 11
5700 90
5701 22
5702 4
5703 2
5704 49
5705 21
5706 5
5707 24
5708 46
5709 48
5710 36
5711 64
5712 28
5713 34
5714 1
5715 25
5716 31
5717 31
5718 6
5719 58
5720 0
5721 29
5722 17
5723 58
5724 59
5725 64
5726 38
5727 29
5728 3
5729 9
5730 56
5731 6
5732 54
5733 18
5734 10
5735 26
5736 58
5737 44
5738 41
5739 28
5740 53
5741 29
5742 28
5743 26
5744 70
5745 27
5746 38
5747 59
5748 50
5749 32
5750 34
5751 3
5752 30
5753 30
5754 1
5755 0
5756 62
5757 54
5758 51
5759 26
5760 36
5761 9
5762 53
5763 39
5764 31
5765 0
5766 42
5767 19
5768 29
5769 34
5770 8
5771 48
5772 79
5773 74
5774 73
5775 57
5776 17
5777 57
5778 62
5779 27
5780 23
5781 38
5782 39
5783 8
5784 36
5785 10
5786 38
5787 41
5788 35
5789 40
5790 35
5791 48
5792 40
5793 53
5794 58
5795 16
5796 14
5797 25
5798 4
5799 46
5800 45
5801 18
5802 14
5803 43
5804 27
5805 92
5806 55
5807 42
5808 13
5809 43
5810 75
5811 91
5812 28
5813 30
5814 65
5815 26
5816 53
5817 36
5818 20
5819 23
5820 34
5821 33
5822 7
5823 12
5824 31
5825 8
5826 5
5827 9
5828 43
5829 48
5830 7
5831 29
5832 38
5833 41
5834 1
5835 48
5836 44
5837 34
5838 2
5839 31
5840 34
5841 64
5842 20
5843 88
5844 62
5845 25
5846 62
5847 79
5848 15
5849 31
5850 29
5851 10
5852 0
5853 38
5854 46
5855 39
5856 11
5857 41
5858 50
5859 10
5860 0
5861 29
5862 50
5863 43
5864 43
5865 49
5866 9
5867 7
5868 55
5869 39
5870 25
5871 57
5872 35
5873 61
5874 50
5875 36
5876 20
5877 3
5878 8
5879 45
5880 27
5881 23
5882 8
5883 47
5884 35
5885 15
5886 12
5887 8
5888 52
5889 49
5890 24
5891 13
5892 49
5893 13
5894 20
5895 38
5896 5
5897 4
5898 39
5899 42
5900 29
5901 20
5902 29
5903 32
5904 28
5905 30
5906 35
5907 6
5908 21
5909 17
5910 17
5911 21
5912 54
5913 23
5914 20
5915 53
5916 31
5917 7
5918 6
5919 25
5920 61
5921 4
5922 99
5923 48
5924 64
5925 23
5926 61
5927 70
5928 39
5929 12
5930 10
5931 0
5932 52
5933 16
5934 15
5935 69
5936 97
5937 15
5938 33
5939 31
5940 6
5941 35
5942 38
5943 32
5944 21
5945 43
5946 34
5947 53
5948 28
5949 48
5950 39
5951 46
5952 20
5953 62
5954 7
5955 54
5956 47
5957 15
5958 94
5959 42
5960 33
5961 28
5962 33
5963 64
5964 64
5965 9
5966 23
5967 1
5968 47
5969 37
5970 39
5971 9
5972 10
5973 5
5974 33
5975 33
5976 30
5977 6
5978 67
5979 29
5980 32
5981 25
5982 26
5983 3
5984 28
5985 30
5986 53
5987 48
5988 53
5989 47
5990 46
5991 0
5992 45
5993 13
5994 47
5995 27
5996 26
5997 56
5998 4
5999 24
6000 44
6001 60
6002 9
6003 66
6004 72
6005 5
6006 54
6007 71
6008 70
6009 58
6010 60
6011 51
6012 20
6013 57
6014 89
6015 38
6016 7
6017 1
6018 9
6019 35
6020 17
6021 40
6022 11
6023 6
6024 81
6025 41
6026 48
6027 13
6028 46
6029 34
6030 10
6031 32
6032 7
6033 41
6034 26
6035 18
6036 16
6037 13
6038 1
6039 1
6040 28
6041 27
6042 3
6043 31
6044 27
6045 38
6046 39
6047 8
6048 42
6049 53
6050 43
6051 26
6052 54
6053 42
6054 16
6055 33
6056 6
6057 4
6058 33
6059 34
6060 4
6061 31
6062 56
6063 54
6064 59
6065 49
6066 47
6067 32
6068 53
6069 51
6070 33
6071 0
6072 6
6073 34
6074 34
6075 30
6076 7
6077 28
6078 71
6079 68
6080 25
6081 28
6082 54
6083 25
6084 0
6085 10
6086 16
6087 31
6088 33
6089 2
6090 33
6091 64
6092 20
6093 35
6094 37
6095 5
6096 15
6097 27
6098 36
6099 29
6100 5
6101 29
6102 39
6103 29
6104 1
6105 41
6106 59
6107 30
6108 38
6109 9
6110 35
6111 16
6112 63
6113 53
6114 58
6115 5
6116 63
6117 25
6118 45
6119 4
6120 59
6121 0
6122 51
6123 1
6124 34
6125 27
6126 31
6127 62
6128 52
6129 54
6130 9
6131 7
6132 66
6133 32
6134 36
6135 14
6136 30
6137 13
6138 38
6139 41
6140 36
6141 33
6142 31
6143 30
6144 15
6145 38
6146 35
6147 44
6148 11
6149 37
6150 52
6151 15
6152 56
6153 21
6154 21
6155 46
6156 20
6157 17
6158 67
6159 45
6160 20
6161 71
6162 35
6163 14
6164 36
6165 7
6166 0
6167 37
6168 38
6169 53
6170 28
6171 26
6172 1
6173 70
6174 36
6175 35
6176 4
6177 3
6178 55
6179 70
6180 60
6181 58
6182 29
6183 45
6184 64
6185 49
6186 19
6187 48
6188 32
6189 34
6190 12
6191 50
6192 9
6193 24
6194 39
6195 3
6196 34
6197 28
6198 7
6199 33
6200 98
6201 0
6202 13
6203 51
6204 47
6205 42
6206 39
6207 3
6208 30
6209 0
6210 35
6211 7
6212 36
6213 34
6214 9
6215 10
6216 27
6217 29
6218 37
6219 5
6220 7
6221 12
6222 38
6223 63
6224 21
6225 27
6226 24
6227 28
6228 28
6229 26
6230 47
6231 43
6232 23
6233 18
6234 20
6235 60
6236 4
6237 17
6238 63
6239 37
6240 52
6241 7
6242 5
6243 7
6244 33
6245 38
6246 39
6247 11
6248 13
6249 49
6250 15
6251 10
6252 57
6253 25
6254 7
6255 54
6256 50
6257 48
6258 2
6259 55
6260 19
6261 52
6262 60
6263 61
6264 14
6265 60
6266 38
6267 3
6268 1
6269 38
6270 50
6271 6
6272 18
6273 15
6274 38
6275 46
6276 15
6277 47
6278 47
6279 17
6280 40
6281 48
6282 43
6283 32
6284 38
6285 41
6286 65
6287 67
6288 20
6289 45
6290 32
6291 33
6292 29
6293 41
6294 24
6295 42
6296 41
6297 17
6298 34
6299 47
6300 46
6301 41
6302 54
6303 49
6304 13
6305 23
6306 48
6307 67
6308 10
6309 34
6310 0
6311 33
6312 34
6313 38
6314 24
6315 33
6316 23
6317 19
6318 31
6319 20
6320 34
6321 36
6322 72
6323 30
6324 60
6325 8
6326 10
6327 40
6328 7
6329 43
6330 36
6331 47
6332 58
6333 29
6334 53
6335 52
6336 11
6337 49
6338 50
6339 55
6340 28
6341 29
6342 34
6343 44
6344 42
6345 12
6346 12
6347 4
6348 43
6349 55
6350 69
6351 60
6352 49
6353 35
6354 45
6355 17
6356 7
6357 19
6358 13
6359 32
6360 35
6361 0
6362 33
6363 10
6364 41
6365 45
6366 9
6367 3
6368 31
6369 7
6370 51
6371 6
6372 37
6373 8
6374 21
6375 14
6376 64
6377 69
6378 52
6379 30
6380 51
6381 36
6382 18
6383 19
6384 13
6385 43
6386 19
6387 11
6388 16
6389 47
6390 42
6391 42
6392 15
6393 33
6394 32
6395 5
6396 6
6397 42
6398 7
6399 17
6400 20
6401 8
6402 40
6403 14
6404 93
6405 37
6406 53
6407 27
6408 16
6409 43
6410 55
6411 28
6412 42
6413 3
6414 14
6415 42
6416 35
6417 9
6418 7
6419 38
6420 14
6421 41
6422 9
6423 49
6424 13
6425 65
6426 20
6427 35
6428 29
6429 42
6430 52
6431 11
6432 29
6433 25
6434 28
6435 42
6436 73
6437 11
6438 63
6439 18
6440 64
6441 49
6442 29
6443 43
6444 52
6445 25
6446 51
6447 28
6448 71
6449 40
6450 11
6451 35
6452 30
6453 30
6454 21
6455 48
6456 20
6457 19
6458 65
6459 2
6460 40
6461 11
6462 43
6463 14
6464 38
6465 59
6466 27
6467 29
6468 26
6469 31
6470 8
6471 37
6472 38
6473 8
6474 12
6475 32
6476 26
6477 47
6478 60
6479 5
6480 41
6481 37
6482 37
6483 41
6484 16
6485 7
6486 40
6487 18
6488 8
6489 37
6490 42
6491 11
6492 38
6493 13
6494 2
6495 9
6496 16
6497 72
6498 6
6499 39
6500 44
6501 14
6502 38
6503 17
6504 51
6505 51
6506 7
6507 36
6508 34
6509 69
6510 37
6511 84
6512 32
6513 42
6514 16
6515 14
6516 38
6517 13
6518 63
6519 18
6520 39
6521 6
6522 29
6523 32
6524 27
6525 38
6526 2
6527 6
6528 63
6529 12
6530 50
6531 55
6532 5
6533 50
6534 52
6535 10
6536 51
6537 25
6538 28
6539 30
6540 60
6541 57
6542 59
6543 17
6544 1
6545 27
6546 50
6547 47
6548 13
6549 30
6550 99
6551 37
6552 72
6553 58
6554 48
6555 50
6556 55
6557 35
6558 34
6559 0
6560 33
6561 2
6562 38
6563 27
6564 10
6565 1
6566 39
6567 10
6568 7
6569 35
6570 41
6571 14
6572 2
6573 16
6574 43
6575 49
6576 47
6577 46
6578 46
6579 64
6580 4
6581 69
6582 58
6583 59
6584 35
6585 61
6586 53
6587 59
6588 53
6589 59
6590 22
6591 7
6592 37
6593 46
6594 38
6595 19
6596 68
6597 66
6598 38
6599 3
6600 35
6601 10
6602 21
6603 6
6604 6
6605 33
6606 8
6607 10
6608 35
6609 14
6610 31
6611 18
6612 14
6613 46
6614 14
6615 69
6616 12
6617 36
6618 42
6619 9
6620 50
6621 55
6622 17
6623 48
6624 16
6625 10
6626 35
6627 12
6628 36
6629 3
6630 36
6631 17
6632 14
6633 36
6634 36
6635 45
6636 30
6637 6
6638 49
6639 47
6640 18
6641 49
6642 41
6643 41
6644 15
6645 10
6646 23
6647 22
6648 20
6649 21
6650 45
6651 51
6652 26
6653 50
6654 25
6655 3
6656 22
6657 71
6658 64
6659 3
6660 69
6661 66
6662 5
6663 9
6664 28
6665 53
6666 27
6667 41
6668 5
6669 27
6670 41
6671 35
6672 43
6673 12
6674 63
6675 31
6676 31
6677 33
6678 42
6679 5
6680 26
6681 65
6682 55
6683 41
6684 13
6685 19
6686 60
6687 38
6688 61
6689 11
6690 31
6691 21
6692 7
6693 17
6694 92
6695 32
6696 23
6697 53
6698 29
6699 42
6700 54
6701 62
6702 20
6703 37
6704 0
6705 9
6706 6
6707 35
6708 60
6709 54
6710 29
6711 8
6712 69
6713 25
6714 5
6715 1
6716 14
6717 24
6718 25
6719 48
6720 46
6721 48
6722 44
6723 32
6724 37
6725 38
6726 9
6727 42
6728 3
6729 37
6730 38
6731 50
6732 26
6733 38
6734 49
6735 8
6736 48
6737 48
6738 50
6739 51
6740 54
6741 23
6742 17
6743 29
6744 11
6745 9
6746 45
6747 45
6748 7
6749 28
6750 15
6751 31
6752 42
6753 32
6754 8
6755 31
6756 52
6757 20
6758 11
6759 59
6760 31
6761 1
6762 30
6763 35
6764 34
6765 33
6766 31
6767 0
6768 33
6769 37
6770 21
6771 26
6772 35
6773 11
6774 5
6775 10
6776 63
6777 5
6778 66
6779 44
6780 42
6781 32
6782 21
6783 38
6784 15
6785 36
6786 38
6787 5
6788 40
6789 41
6790 43
6791 37
6792 9
6793 62
6794 4
6795 53
6796 16
6797 21
6798 57
6799 47
6800 36
6801 46
6802 34
6803 9
6804 0
6805 7
6806 4
6807 44
6808 19
6809 37
6810 16
6811 4
6812 9
6813 29
6814 19
6815 19
6816 32
6817 50
6818 52
6819 52
6820 21
6821 51
6822 52
6823 1
6824 53
6825 56
6826 18
6827 62
6828 65
6829 53
6830 52
6831 56
6832 23
6833 33
6834 3
6835 4
6836 13
6837 31
6838 12
6839 29
6840 46
6841 18
6842 46
6843 22
6844 38
6845 1
6846 10
6847 12
6848 37
6849 8
6850 46
6851 48
6852 34
6853 8
6854 30
6855 30
6856 2
6857 8
6858 8
6859 46
6860 12
6861 37
6862 32
6863 13
6864 7
6865 8
6866 54
6867 57
6868 30
6869 19
6870 41
6871 51
6872 22
6873 10
6874 20
6875 41
6876 8
6877 9
6878 28
6879 32
6880 32
6881 27
6882 31
6883 23
6884 45
6885 13
6886 17
6887 48
6888 60
6889 15
6890 25
6891 63
6892 36
6893 5
6894 7
6895 42
6896 32
6897 38
6898 39
6899 36
6900 54
6901 50
6902 24
6903 14
6904 39
6905 9
6906 14
6907 39
6908 35
6909 20
6910 54
6911 26
6912 24
6913 23
6914 0
6915 56
6916 51
6917 45
6918 47
6919 5
6920 49
6921 20
6922 30
6923 49
6924 58
6925 45
6926 16
6927 17
6928 64
6929 55
6930 37
6931 1
6932 62
6933 33
6934 31
6935 1
6936 32
6937 31
6938 28
6939 17
6940 30
6941 29
6942 66
6943 7
6944 31
6945 41
6946 9
6947 23
6948 54
6949 35
6950 39
6951 36
6952 37
6953 65
6954 21
6955 26
6956 53
6957 47
6958 4
6959 16
6960 26
6961 28
6962 48
6963 52
6964 8
6965 11
6966 47
6967 39
6968 43
6969 29
6970 49
6971 31
6972 3
6973 30
6974 45
6975 49
6976 7
6977 57
6978 15
6979 45
6980 10
6981 47
6982 44
6983 38
6984 99
6985 17
6986 47
6987 47
6988 50
6989 21
6990 83
6991 60
6992 49
6993 47
6994 44
6995 8
6996 42
6997 20
6998 42
6999 16
7000 17
7001 9
7002 14
7003 42
7004 40
7005 3
7006 10
7007 45
7008 64
7009 36
7010 32
7011 30
7012 12
7013 1
7014 74
7015 40
7016 19
7017 57
7018 61
7019 44
7020 1
7021 59
7022 36
7023 57
7024 61
7025 36
7026 51
7027 59
7028 53
7029 38
7030 41
7031 24
7032 19
7033 38
7034 36
7035 14
7036 35
7037 20
7038 35
7039 2
7040 2
7041 43
7042 5
7043 62
7044 0
7045 60
7046 65
7047 32
7048 33
7049 6
7050 46
7051 73
7052 44
7053 20
7054 19
7055 61
7056 54
7057 50
7058 56
7059 59
7060 44
7061 47
7062 27
7063 0
7064 23
7065 18
7066 24
7067 14
7068 14
7069 26
7070 50
7071 3
7072 47
7073 16
7074 14
7075 17
7076 37
7077 2
7078 34
7079 35
7080 9
7081 35
7082 39
7083 25
7084 4
7085 22
7086 8
7087 40
7088 67
7089 36
7090 24
7091 19
7092 60
7093 31
7094 36
7095 3
7096 13
7097 29
7098 56
7099 13
7100 39
7101 4
7102 15
7103 13
7104 9
7105 62
7106 65
7107 38
7108 29
7109 0
7110 39
7111 14
7112 12
7113 12
7114 39
7115 66
7116 69
7117 47
7118 6
7119 41
7120 51
7121 46
7122 45
7123 12
7124 25
7125 51
7126 4
7127 30
7128 54
7129 61
7130 96
7131 92
7132 33
7133 31
7134 41
7135 9
7136 44
7137 40
7138 43
7139 44
7140 42
7141 45
7142 4
7143 60
7144 38
7145 16
7146 9
7147 37
7148 8
7149 10
7150 30
7151 39
7152 33
7153 6
7154 2
7155 37
7156 6
7157 32
7158 34
7159 43
7160 55
7161 1
7162 9
7163 8
7164 27
7165 53
7166 20
7167 27
7168 24
7169 25
7170 14
7171 5
7172 66
7173 60
7174 37
7175 25
7176 13
7177 35
7178 30
7179 38
7180 37
7181 59
7182 0
7183 49
7184 2
7185 73
7186 7
7187 57
7188 54
7189 23
7190 15
7191 49
7192 19
7193 33
7194 7
7195 32
7196 35
7197 27
7198 18
7199 2
7200 27
7201 38
7202 36
7203 34
7204 38
7205 39
7206 44
7207 36
7208 40
7209 16
7210 4
7211 3
7212 19
7213 30
7214 16
7215 33
7216 45
7217 45
7218 47
7219 21
7220 19
7221 40
7222 32
7223 0
7224 25
7225 30
7226 27
7227 52
7228 6
7229 50
7230 18
7231 50
7232 50
7233 47
7234 37
7235 47
7236 30
7237 14
7238 45
7239 45
7240 44
7241 14
7242 18
7243 5
7244 17
7245 11
7246 64
7247 66
7248 62
7249 58
7250 62
7251 25
7252 54
7253 24
7254 17
7255 47
7256 84
7257 43
7258 19
7259 41
7260 18
7261 18
7262 14
7263 15
7264 16
7265 23
7266 36
7267 35
7268 5
7269 9
7270 53
7271 39
7272 39
7273 9
7274 35
7275 50
7276 45
7277 19
7278 37
7279 34
7280 5
7281 38
7282 14
7283 35
7284 35
7285 4
7286 12
7287 6
7288 3
7289 49
7290 2
7291 30
7292 56
7293 57
7294 39
7295 20
7296 46
7297 31
7298 53
7299 52
7300 49
7301 50
7302 26
7303 12
7304 66
7305 35
7306 26
7307 18
7308 24
7309 11
7310 36
7311 25
7312 66
7313 0
7314 35
7315 39
7316 1
7317 11
7318 42
7319 8
7320 23
7321 40
7322 27
7323 37
7324 33
7325 27
7326 21
7327 23
7328 41
7329 10
7330 10
7331 64
7332 34
7333 26
7334 21
7335 43
7336 47
7337 36
7338 12
7339 0
7340 36
7341 6
7342 34
7343 5
7344 41
7345 5
7346 8
7347 0
7348 90
7349 8
7350 62
7351 33
7352 46
7353 47
7354 16
7355 21
7356 59
7357 47
7358 54
7359 36
7360 8
7361 18
7362 0
7363 55
7364 11
7365 31
7366 24
7367 28
7368 91
7369 34
7370 19
7371 56
7372 17
7373 92
7374 50
7375 32
7376 9
7377 36
7378 10
7379 23
7380 20
7381 48
7382 46
7383 46
7384 29
7385 12
7386 51
7387 46
7388 20
7389 45
7390 27
7391 42
7392 54
7393 29
7394 33
7395 28
7396 36
7397 24
7398 25
7399 30
7400 48
7401 19
7402 12
7403 5
7404 17
7405 44
7406 15
7407 24
7408 65
7409 15
7410 10
7411 39
7412 68
7413 60
7414 35
7415 36
7416 35
7417 35
7418 9
7419 30
7420 29
7421 55
7422 52
7423 36
7424 1
7425 3
7426 3
7427 17
7428 13
7429 59
7430 19
7431 51
7432 53
7433 23
7434 52
7435 54
7436 33
7437 0
7438 34
7439 27
7440 13
7441 34
7442 78
7443 26
7444 48
7445 78
7446 0
7447 25
7448 31
7449 47
7450 1
7451 47
7452 13
7453 16
7454 25
7455 26
7456 48
7457 50
7458 17
7459 44
7460 47
7461 50
7462 43
7463 48
7464 49
7465 55
7466 16
7467 46
7468 59
7469 56
7470 54
7471 18
7472 43
7473 52
7474 53
7475 50
7476 38
7477 50
7478 38
7479 45
7480 18
7481 8
7482 61
7483 37
7484 34
7485 57
7486 16
7487 25
7488 55
7489 14
7490 12
7491 34
7492 75
7493 26
7494 89
7495 3
7496 6
7497 31
7498 35
7499 30
7500 25
7501 28
7502 23
7503 45
7504 44
7505 70
7506 18
7507 48
7508 43
7509 7
7510 43
7511 40
7512 78
7513 67
7514 7
7515 56
7516 27
7517 56
7518 26
7519 63
7520 27
7521 44
7522 6
7523 5
7524 39
7525 38
7526 14
7527 40
7528 30
7529 45
7530 10
7531 26
7532 32
7533 47
7534 2
7535 63
7536 8
7537 26
7538 44
7539 46
7540 13
7541 18
7542 44
7543 10
7544 43
7545 18
7546 51
7547 17
7548 19
7549 49
7550 56
7551 29
7552 10
7553 30
7554 34
7555 32
7556 39
7557 28
7558 46
7559 41
7560 10
7561 42
7562 1
7563 16
7564 14
7565 44
7566 46
7567 26
7568 26
7569 16
7570 46
7571 19
7572 15
7573 9
7574 45
7575 48
7576 21
7577 58
7578 46
7579 44
7580 48
7581 70
7582 46
7583 48
7584 46
7585 20
7586 48
7587 20
7588 18
7589 21
7590 51
7591 33
7592 12
7593 24
7594 35
7595 18
7596 34
7597 14
7598 11
7599 31
7600 2
7601 43
7602 73
7603 16
7604 36
7605 10
7606 12
7607 36
7608 4
7609 34
7610 53
7611 9
7612 32
7613 44
7614 93
7615 12
7616 47
7617 11
7618 24
7619 46
7620 68
7621 66
7622 67
7623 3
7624 61
7625 2
7626 12
7627 54
7628 52
7629 29
7630 29
7631 97
7632 71
7633 37
7634 34
7635 20
7636 0
7637 30
7638 29
7639 1
7640 34
7641 46
7642 38
7643 18
7644 53
7645 39
7646 13
7647 20
7648 45
7649 24
7650 52
7651 43
7652 47
7653 55
7654 11
7655 21
7656 36
7657 33
7658 32
7659 60
7660 29
7661 28
7662 28
7663 28
7664 21
7665 24
7666 92
7667 33
7668 73
7669 6
7670 37
7671 0
7672 16
7673 30
7674 32
7675 15
7676 25
7677 34
7678 29
7679 27
7680 23
7681 51
7682 27
7683 28
7684 50
7685 11
7686 54
7687 51
7688 4
7689 56
7690 27
7691 38
7692 23
7693 46
7694 23
7695 29
7696 95
7697 10
7698 40
7699 3
7700 6
7701 6
7702 39
7703 6
7704 31
7705 30
7706 8
7707 33
7708 11
7709 40
7710 7
7711 64
7712 65
7713 4
7714 62
7715 38
7716 15
7717 15
7718 38
7719 6
7720 4
7721 7
7722 36
7723 7
7724 36
7725 31
7726 9
7727 37
7728 12
7729 5
7730 73
7731 61
7732 26
7733 28
7734 28
7735 35
7736 13
7737 8
7738 27
7739 40
7740 43
7741 7
7742 12
7743 21
7744 20
7745 3
7746 28
7747 46
7748 14
7749 49
7750 51
7751 27
7752 66
7753 63
7754 57
7755 24
7756 23
7757 30
7758 18
7759 34
7760 32
7761 70
7762 9
7763 96
7764 30
7765 71
7766 28
7767 47
7768 38
7769 6
7770 40
7771 25
7772 39
7773 30
7774 42
7775 63
7776 64
7777 64
7778 53
7779 28
7780 14
7781 29
7782 29
7783 10
7784 36
7785 29
7786 53
7787 21
7788 41
7789 22
7790 27
7791 98
7792 48
7793 42
7794 10
7795 15
7796 29
7797 35
7798 4
7799 38
7800 33
7801 33
7802 41
7803 57
7804 68
7805 7
7806 22
7807 50
7808 42
7809 11
7810 12
7811 10
7812 45
7813 82
7814 2
7815 50
7816 43
7817 3
7818 11
7819 50
7820 13
7821 37
7822 8
7823 37
7824 38
7825 41
7826 1
7827 58
7828 58
7829 37
7830 38
7831 8
7832 16
7833 36
7834 29
7835 36
7836 54
7837 36
7838 10
7839 9
7840 37
7841 34
7842 61
7843 66
7844 5
7845 41
7846 10
7847 5
7848 39
7849 48
7850 32
7851 63
7852 19
7853 6
7854 61
7855 38
7856 42
7857 84
7858 14
7859 71
7860 5
7861 44
7862 80
7863 60
7864 2
7865 65
7866 50
7867 58
7868 49
7869 40
7870 51
7871 45
7872 54
7873 37
7874 14
7875 44
7876 38
7877 1
7878 36
7879 47
7880 27
7881 46
7882 21
7883 37
7884 36
7885 40
7886 11
7887 40
7888 54
7889 19
7890 48
7891 57
7892 4
7893 54
7894 45
7895 30
7896 27
7897 50
7898 47
7899 6
7900 10
7901 52
7902 38
7903 6
7904 31
7905 18
7906 64
7907 16
7908 67
7909 3
7910 51
7911 55
7912 53
7913 4
7914 23
7915 0
7916 55
7917 30
7918 6
7919 7
7920 31
7921 82
7922 38
7923 50
7924 53
7925 11
7926 25
7927 44
7928 97
7929 64
7930 44
7931 43
7932 41
7933 8
7934 29
7935 72
7936 13
7937 19
7938 17
7939 39
7940 3
7941 20
7942 29
7943 19
7944 46
7945 56
7946 67
7947 17
7948 35
7949 9
7950 72
7951 72
7952 40
7953 14
7954 39
7955 48
7956 39
7957 41
7958 8
7959 56
7960 42
7961 39
7962 49
7963 37
7964 23
7965 30
7966 30
7967 10
7968 20
7969 5
7970 34
7971 34
7972 52
7973 34
7974 24
7975 5
7976 17
7977 38
7978 8
7979 52
7980 2
7981 37
7982 5
7983 1
7984 40
7985 8
7986 16
7987 44
7988 41
7989 39
7990 13
7991 41
7992 7
7993 30
7994 46
7995 46
7996 47
7997 51
7998 22
7999 37
8000 35
8001 46
8002 50
8003 38
8004 4
8005 50
8006 38
8007 13
8008 33
8009 20
8010 16
8011 40
8012 27
8013 36
8014 38
8015 36
8016 41
8017 57
8018 26
8019 4
8020 42
8021 37
8022 28
8023 8
8024 44
8025 12
8026 12
8027 19
8028 61
8029 55
8030 29
8031 32
8032 48
8033 41
8034 51
8035 33
8036 10
8037 53
8038 46
8039 12
8040 25
8041 37
8042 24
8043 33
8044 8
8045 38
8046 68
8047 9
8048 19
8049 69
8050 47
8051 55
8052 35
8053 6
8054 29
8055 47
8056 17
8057 47
8058 35
8059 8
8060 31
8061 25
8062 30
8063 31
8064 27
8065 49
8066 9
8067 22
8068 50
8069 19
8070 40
8071 38
8072 7
8073 36
8074 57
8075 58
8076 60
8077 0
8078 24
8079 41
8080 41
8081 11
8082 33
8083 0
8084 26
8085 45
8086 15
8087 20
8088 23
8089 23
8090 23
8091 23
8092 32
8093 21
8094 39
8095 12
8096 66
8097 0
8098 41
8099 68
8100 17
8101 4
8102 42
8103 9
8104 36
8105 42
8106 1
8107 19
8108 4
8109 4
8110 16
8111 51
8112 17
8113 11
8114 53
8115 54
8116 54
8117 57
8118 51
8119 52
8120 44
8121 59
8122 24
8123 60
8124 60
8125 37
8126 0
8127 7
8128 39
8129 44
8130 17
8131 39
8132 13
8133 34
8134 70
8135 20
8136 23
8137 46
8138 20
8139 55
8140 42
8141 5
8142 33
8143 40
8144 13
8145 4
8146 62
8147 44
8148 38
8149 7
8150 44
8151 13
8152 44
8153 46
8154 39
8155 44
8156 41
8157 12
8158 8
8159 65
8160 73
8161 3
8162 20
8163 68
8164 42
8165 23
8166 17
8167 18
8168 44
8169 47
8170 42
8171 22
8172 16
8173 45
8174 9
8175 41
8176 49
8177 52
8178 21
8179 45
8180 47
8181 65
8182 35
8183 61
8184 32
8185 1
8186 2
8187 57
8188 72
8189 98
8190 64
8191 33
8192 32
8193 5
8194 8
8195 0
8196 43
8197 10
8198 13
8199 6
8200 9
8201 23
8202 8
8203 45
8204 25
8205 32
8206 23
8207 42
8208 8
8209 25
8210 63
8211 37
8212 1
8213 14
8214 14
8215 32
8216 39
8217 19
8218 38
8219 3
8220 35
8221 17
8222 3
8223 15
8224 38
8225 18
8226 31
8227 4
8228 19
8229 53
8230 43
8231 53
8232 55
8233 51
8234 23
8235 41
8236 30
8237 29
8238 45
8239 41
8240 46
8241 12
8242 45
8243 49
8244 18
8245 12
8246 5
8247 30
8248 25
8249 24
8250 51
8251 50
8252 18
8253 30
8254 44
8255 10
8256 30
8257 30
8258 40
8259 5
8260 8
8261 1
8262 43
8263 19
8264 29
8265 22
8266 40
8267 50
8268 28
8269 31
8270 32
8271 38
8272 34
8273 44
8274 16
8275 53
8276 43
8277 45
8278 22
8279 14
8280 64
8281 46
8282 50
8283 52
8284 50
8285 50
8286 50
8287 20
8288 35
8289 1
8290 8
8291 7
8292 50
8293 14
8294 57
8295 48
8296 41
8297 15
8298 40
8299 21
8300 33
8301 38
8302 41
8303 6
8304 59
8305 34
8306 61
8307 21
8308 18
8309 28
8310 28
8311 51
8312 24
8313 60
8314 32
8315 30
8316 0
8317 31
8318 32
8319 0
8320 6
8321 42
8322 29
8323 43
8324 67
8325 31
8326 46
8327 21
8328 26
8329 15
8330 29
8331 53
8332 18
8333 7
8334 50
8335 54
8336 12
8337 48
8338 51
8339 61
8340 31
8341 36
8342 2
8343 30
8344 11
8345 24
8346 38
8347 33
8348 16
8349 43
8350 32
8351 27
8352 16
8353 49
8354 16
8355 18
8356 49
8357 37
8358 11
8359 45
8360 40
8361 53
8362 53
8363 20
8364 19
8365 18
8366 49
8367 56
8368 15
8369 50
8370 19
8371 11
8372 54
8373 27
8374 12
8375 15
8376 23
8377 37
8378 13
8379 51
8380 13
8381 2
8382 11
8383 60
8384 25
8385 19
8386 88
8387 15
8388 57
8389 20
8390 7
8391 47
8392 58
8393 29
8394 42
8395 39
8396 17
8397 33
8398 27
8399 0
8400 29
8401 26
8402 28
8403 36
8404 60
8405 8
8406 41
8407 40
8408 24
8409 35
8410 32
8411 37
8412 8
8413 46
8414 2
8415 28
8416 46
8417 48
8418 62
8419 37
8420 1
8421 32
8422 37
8423 23
8424 9
8425 42
8426 11
8427 27
8428 45
8429 10
8430 46
8431 40
8432 51
8433 33
8434 14
8435 29
8436 0
8437 36
8438 36
8439 42
8440 16
8441 44
8442 51
8443 2
8444 13
8445 46
8446 23
8447 4
8448 12
8449 24
8450 43
8451 50
8452 40
8453 44
8454 42
8455 25
8456 8
8457 41
8458 30
8459 28
8460 6
8461 10
8462 9
8463 48
8464 20
8465 15
8466 21
8467 40
8468 40
8469 43
8470 41
8471 45
8472 47
8473 57
8474 6
8475 22
8476 34
8477 41
8478 41
8479 11
8480 17
8481 17
8482 42
8483 44
8484 19
8485 61
8486 62
8487 61
8488 26
8489 62
8490 9
8491 38
8492 1
8493 6
8494 7
8495 11
8496 34
8497 23
8498 34
8499 34
8500 30
8501 26
8502 76
8503 56
8504 48
8505 32
8506 14
8507 4
8508 26
8509 53
8510 13
8511 16
8512 28
8513 56
8514 13
8515 19
8516 28
8517 27
8518 53
8519 49
8520 7
8521 35
8522 36
8523 17
8524 0
8525 19
8526 49
8527 9
8528 46
8529 46
8530 5
8531 35
8532 9
8533 17
8534 12
8535 36
8536 38
8537 13
8538 12
8539 32
8540 8
8541 11
8542 31
8543 15
8544 27
8545 26
8546 28
8547 46
8548 33
8549 17
8550 31
8551 0
8552 30
8553 49
8554 22
8555 21
8556 6
8557 24
8558 18
8559 63
8560 33
8561 33
8562 9
8563 4
8564 38
8565 10
8566 6
8567 16
8568 36
8569 54
8570 52
8571 80
8572 50
8573 77
8574 42
8575 16
8576 41
8577 13
8578 45
8579 56
8580 22
8581 49
8582 17
8583 15
8584 46
8585 35
8586 8
8587 7
8588 11
8589 3
8590 11
8591 64
8592 49
8593 49
8594 54
8595 55
8596 19
8597 32
8598 21
8599 35
8600 17
8601 20
8602 2
8603 44
8604 60
8605 69
8606 61
8607 13
8608 53
8609 32
8610 30
8611 34
8612 1
8613 47
8614 30
8615 9
8616 48
8617 41
8618 14
8619 18
8620 12
8621 27
8622 67
8623 69
8624 42
8625 15
8626 12
8627 48
8628 40
8629 3
8630 5
8631 43
8632 41
8633 55
8634 53
8635 35
8636 38
8637 0
8638 49
8639 1
8640 49
8641 92
8642 40
8643 28
8644 27
8645 5
8646 21
8647 65
8648 37
8649 66
8650 62
8651 26
8652 30
8653 66
8654 55
8655 70
8656 32
8657 49
8658 5
8659 38
8660 0
8661 12
8662 34
8663 2
8664 33
8665 9
8666 4
8667 33
8668 24
8669 47
8670 16
8671 53
8672 58
8673 19
8674 17
8675 14
8676 51
8677 8
8678 93
8679 14
8680 56
8681 1
8682 66
8683 17
8684 32
8685 56
8686 20
8687 19
8688 65
8689 28
8690 53
8691 46
8692 17
8693 55
8694 46
8695 23
8696 47
8697 29
8698 58
8699 59
8700 37
8701 2
8702 15
8703 9
8704 33
8705 7
8706 33
8707 32
8708 32
8709 43
8710 2
8711 41
8712 27
8713 69
8714 42
8715 80
8716 44
8717 47
8718 16
8719 12
8720 45
8721 31
8722 31
8723 32
8724 30
8725 51
8726 44
8727 38
8728 41
8729 11
8730 12
8731 19
8732 60
8733 7
8734 2
8735 36
8736 1
8737 54
8738 17
8739 62
8740 0
8741 65
8742 0
8743 53
8744 8
8745 26
8746 54
8747 59
8748 62
8749 15
8750 7
8751 62
8752 31
8753 4
8754 34
8755 29
8756 6
8757 32
8758 32
8759 28
8760 32
8761 30
8762 46
8763 18
8764 22
8765 20
8766 24
8767 53
8768 63
8769 31
8770 32
8771 53
8772 55
8773 31
8774 53
8775 6
8776 42
8777 8
8778 29
8779 43
8780 16
8781 57
8782 35
8783 37
8784 7
8785 14
8786 10
8787 41
8788 1
8789 8
8790 46
8791 52
8792 50
8793 46
8794 33
8795 35
8796 63
8797 35
8798 37
8799 8
8800 41
8801 5
8802 17
8803 11
8804 61
8805 33
8806 6
8807 42
8808 62
8809 40
8810 45
8811 40
8812 0
8813 68
8814 52
8815 34
8816 29
8817 7
8818 3
8819 70
8820 42
8821 41
8822 17
8823 23
8824 40
8825 60
8826 41
8827 54
8828 60
8829 48
8830 51
8831 39
8832 41
8833 9
8834 6
8835 7
8836 12
8837 41
8838 35
8839 34
8840 11
8841 9
8842 31
8843 36
8844 0
8845 20
8846 12
8847 20
8848 4
8849 46
8850 31
8851 4
8852 44
8853 30
8854 0
8855 39
8856 36
8857 41
8858 42
8859 45
8860 50
8861 58
8862 25
8863 53
8864 51
8865 20
8866 24
8867 17
8868 22
8869 26
8870 55
8871 21
8872 46
8873 62
8874 26
8875 62
8876 57
8877 51
8878 26
8879 52
8880 6
8881 24
8882 38
8883 31
8884 4
8885 33
8886 45
8887 45
8888 46
8889 38
8890 52
8891 19
8892 61
8893 6
8894 9
8895 53
8896 46
8897 53
8898 4
8899 58
8900 65
8901 5
8902 62
8903 32
8904 0
8905 74
8906 18
8907 35
8908 69
8909 18
8910 32
8911 30
8912 31
8913 28
8914 33
8915 43
8916 34
8917 63
8918 34
8919 27
8920 89
8921 59
8922 14
8923 56
8924 26
8925 25
8926 34
8927 28
8928 94
8929 57
8930 13
8931 39
8932 16
8933 49
8934 47
8935 52
8936 46
8937 66
8938 61
8939 59
8940 14
8941 56
8942 62
8943 33
8944 53
8945 36
8946 25
8947 6
8948 41
8949 48
8950 54
8951 9
8952 36
8953 38
8954 12
8955 36
8956 49
8957 33
8958 19
8959 19
8960 46
8961 29
8962 54
8963 28
8964 75
8965 35
8966 57
8967 40
8968 57
8969 32
8970 52
8971 10
8972 57
8973 13
8974 49
8975 47
8976 7
8977 46
8978 20
8979 30
8980 30
8981 35
8982 7
8983 30
8984 0
8985 16
8986 44
8987 29
8988 3
8989 50
8990 33
8991 48
8992 40
8993 50
8994 35
8995 12
8996 9
8997 7
8998 45
8999 20
9000 41
9001 7
9002 15
9003 32
9004 31
9005 34
9006 23
9007 44
9008 39
9009 43
9010 41
9011 43
9012 42
9013 43
9014 43
9015 10
9016 0
9017 45
9018 20
9019 36
9020 42
9021 64
9022 53
9023 11
9024 12
9025 12
9026 14
9027 89
9028 57
9029 47
9030 46
9031 46
9032 45
9033 40
9034 68
9035 29
9036 22
9037 31
9038 0
9039 25
9040 29
9041 5
9042 27
9043 52
9044 0
9045 52
9046 34
9047 0
9048 36
9049 17
9050 12
9051 47
9052 74
9053 38
9054 63
9055 45
9056 12
9057 11
9058 29
9059 51
9060 49
9061 56
9062 30
9063 63
9064 7
9065 54
9066 68
9067 25
9068 36
9069 39
9070 47
9071 50
9072 6
9073 16
9074 95
9075 18
9076 38
9077 10
9078 16
9079 26
9080 45
9081 56
9082 6
9083 17
9084 57
9085 37
9086 36
9087 37
9088 40
9089 17
9090 38
9091 38
9092 32
9093 26
9094 40
9095 42
9096 13
9097 6
9098 61
9099 40
9100 36
9101 12
9102 36
9103 5
9104 72
9105 48
9106 7
9107 32
9108 33
9109 29
9110 11
9111 47
9112 44
9113 42
9114 12
9115 0
9116 52
9117 51
9118 38
9119 30
9120 16
9121 26
9122 35
9123 1
9124 37
9125 42
9126 34
9127 33
9128 30
9129 72
9130 55
9131 43
9132 6
9133 43
9134 2
9135 65
9136 31
9137 41
9138 61
9139 59
9140 58
9141 6
9142 5
9143 59
9144 17
9145 48
9146 16
9147 22
9148 23
9149 27
9150 25
9151 30
9152 55
9153 25
9154 31
9155 4
9156 34
9157 3
9158 53
9159 16
9160 55
9161 57
9162 29
9163 15
9164 2
9165 43
9166 33
9167 4
9168 48
9169 29
9170 14
9171 4
9172 30
9173 29
9174 17
9175 0
9176 58
9177 62
9178 27
9179 29
9180 5
9181 10
9182 26
9183 65
9184 15
9185 72
9186 12
9187 58
9188 10
9189 28
9190 57
9191 36
9192 26
9193 54
9194 28
9195 14
9196 52
9197 97
9198 32
9199 3
9200 11
9201 13
9202 28
9203 28
9204 11
9205 24
9206 1
9207 0
9208 40
9209 34
9210 11
9211 49
9212 62
9213 19
9214 43
9215 52
9216 26
9217 4
9218 50
9219 25
9220 53
9221 8
9222 54
9223 33
9224 68
9225 56
9226 49
9227 66
9228 66
9229 42
9230 0
9231 11
9232 20
9233 31
9234 3
9235 34
9236 34
9237 9
9238 56
9239 11
9240 38
9241 35
9242 46
9243 26
9244 69
9245 24
9246 35
9247 16
9248 33
9249 7
9250 36
9251 32
9252 58
9253 11
9254 69
9255 40
9256 47
9257 38
9258 48
9259 19
9260 37
9261 43
9262 54
9263 30
9264 32
9265 61
9266 8
9267 59
9268 69
9269 0
9270 45
9271 24
9272 11
9273 25
9274 24
9275 32
9276 2
9277 68
9278 13
9279 40
9280 45
9281 2
9282 14
9283 33
9284 6
9285 29
9286 30
9287 46
9288 0
9289 27
9290 21
9291 26
9292 30
9293 37
9294 16
9295 51
9296 51
9297 3
9298 19
9299 51
9300 51
9301 58
9302 46
9303 24
9304 20
9305 42
9306 49
9307 13
9308 44
9309 48
9310 32
9311 15
9312 47
9313 74
9314 41
9315 22
9316 19
9317 18
9318 56
9319 39
9320 37
9321 37
9322 4
9323 38
9324 37
9325 53
9326 11
9327 39
9328 26
9329 25
9330 25
9331 7
9332 26
9333 6
9334 26
9335 31
9336 28
9337 23
9338 26
9339 1
9340 34
9341 0
9342 30
9343 41
9344 5
9345 4
9346 5
9347 35
9348 17
9349 19
9350 4
9351 52
9352 54
9353 49
9354 51
9355 32
9356 28
9357 31
9358 1
9359 61
9360 60
9361 26
9362 24
9363 62
9364 66
9365 27
9366 35
9367 41
9368 36
9369 12
9370 35
9371 4
9372 35
9373 9
9374 30
9375 3
9376 5
9377 9
9378 15
9379 51
9380 15
9381 26
9382 24
9383 46
9384 40
9385 41
9386 30
9387 40
9388 38
9389 48
9390 66
9391 8
9392 14
9393 68
9394 18
9395 65
9396 12
9397 26
9398 35
9399 37
9400 39
9401 28
9402 16
9403 53
9404 21
9405 59
9406 51
9407 53
9408 31
9409 25
9410 36
9411 7
9412 31
9413 32
9414 54
9415 52
9416 39
9417 23
9418 18
9419 49
9420 21
9421 39
9422 35
9423 68
9424 65
9425 81
9426 60
9427 5
9428 39
9429 10
9430 2
9431 26
9432 12
9433 3
9434 35
9435 9
9436 2
9437 17
9438 42
9439 41
9440 46
9441 12
9442 28
9443 11
9444 63
9445 41
9446 96
9447 0
9448 58
9449 9
9450 59
9451 29
9452 18
9453 27
9454 25
9455 30
9456 61
9457 54
9458 20
9459 37
9460 15
9461 42
9462 7
9463 33
9464 6
9465 4
9466 26
9467 10
9468 0
9469 39
9470 5
9471 3
9472 36
9473 5
9474 95
9475 49
9476 13
9477 13
9478 43
9479 43
9480 25
9481 66
9482 50
9483 14
9484 55
9485 21
9486 29
9487 63
9488 55
9489 67
9490 68
9491 49
9492 28
9493 16
9494 1
9495 45
9496 63
9497 8
9498 64
9499 64
9500 63
9501 57
9502 49
9503 56
9504 92
9505 10
9506 49
9507 14
9508 16
9509 59
9510 53
9511 1
9512 39
9513 62
9514 18
9515 60
9516 8
9517 50
9518 19
9519 9
9520 21
9521 16
9522 40
9523 43
9524 41
9525 8
9526 14
9527 24
9528 14
9529 24
9530 50
9531 22
9532 74
9533 10
9534 46
9535 56
9536 49
9537 46
9538 9
9539 24
9540 18
9541 34
9542 52
9543 80
9544 6
9545 36
9546 39
9547 38
9548 38
9549 38
9550 15
9551 49
9552 48
9553 45
9554 16
9555 33
9556 32
9557 8
9558 31
9559 47
9560 67
9561 33
9562 0
9563 6
9564 3
9565 41
9566 18
9567 3
9568 32
9569 38
9570 41
9571 38
9572 11
9573 61
9574 60
9575 25
9576 62
9577 66
9578 15
9579 57
9580 73
9581 98
9582 32
9583 30
9584 11
9585 12
9586 5
9587 29
9588 66
9589 69
9590 7
9591 34
9592 32
9593 8
9594 10
9595 37
9596 2
9597 0
9598 2
9599 33
9600 32
9601 64
9602 3
9603 1
9604 62
9605 33
9606 2
9607 12
9608 3
9609 59
9610 27
9611 33
9612 29
9613 32
9614 37
9615 7
9616 61
9617 2
9618 64
9619 2
9620 37
9621 24
9622 8
9623 28
9624 4
9625 71
9626 37
9627 12
9628 29
9629 9
9630 63
9631 64
9632 15
9633 59
9634 36
9635 7
9636 15
9637 17
9638 27
9639 42
9640 37
9641 5
9642 46
9643 16
9644 40
9645 14
9646 9
9647 41
9648 38
9649 11
9650 36
9651 64
9652 38
9653 58
9654 30
9655 63
9656 53
9657 58
9658 54
9659 51
9660 1
9661 94
9662 50
9663 28
9664 41
9665 2
9666 30
9667 46
9668 50
9669 35
9670 14
9671 0
9672 4
9673 6
9674 36
9675 41
9676 38
9677 7
9678 40
9679 54
9680 49
9681 25
9682 28
9683 55
9684 36
9685 37
9686 36
9687 38
9688 39
9689 58
9690 26
9691 26
9692 50
9693 2
9694 0
9695 59
9696 25
9697 44
9698 40
9699 15
9700 15
9701 33
9702 5
9703 1
9704 39
9705 35
9706 4
9707 8
9708 4
9709 35
9710 26
9711 51
9712 3
9713 24
9714 10
9715 19
9716 53
9717 30
9718 6
9719 1
9720 31
9721 0
9722 54
9723 57
9724 31
9725 29
9726 61
9727 4
9728 30
9729 7
9730 3
9731 61
9732 5
9733 19
9734 39
9735 11
9736 40
9737 34
9738 29
9739 30
9740 24
9741 1
9742 27
9743 32
9744 29
9745 6
9746 1
9747 53
9748 33
9749 2
9750 7
9751 8
9752 32
9753 28
9754 49
9755 28
9756 26
9757 56
9758 3
9759 53
9760 53
9761 13
9762 54
9763 48
9764 46
9765 18
9766 55
9767 37
9768 30
9769 35
9770 18
9771 18
9772 16
9773 15
9774 13
9775 15
9776 16
9777 42
9778 45
9779 11
9780 0
9781 28
9782 67
9783 22
9784 48
9785 19
9786 26
9787 42
9788 11
9789 5
9790 5
9791 42
9792 26
9793 2
9794 10
9795 30
9796 25
9797 30
9798 67
9799 71
9800 52
9801 37
9802 41
9803 73
9804 36
9805 14
9806 35
9807 13
9808 0
9809 40
9810 17
9811 5
9812 20
9813 1
9814 37
9815 41
9816 3
9817 14
9818 35
9819 40
9820 18
9821 39
9822 6
9823 14
9824 37
9825 99
9826 43
9827 37
9828 7
9829 2
9830 5
9831 5
9832 39
9833 1
9834 35
9835 13
9836 81
9837 31
9838 35
9839 23
9840 25
9841 28
9842 24
9843 29
9844 64
9845 14
9846 63
9847 21
9848 22
9849 66
9850 37
9851 63
9852 67
9853 41
9854 49
9855 18
9856 48
9857 25
9858 29
9859 44
9860 48
9861 35
9862 6
9863 39
9864 25
9865 29
9866 25
9867 53
9868 1
9869 52
9870 37
9871 55
9872 20
9873 52
9874 50
9875 57
9876 53
9877 57
9878 19
9879 27
9880 19
9881 33
9882 11
9883 5
9884 44
9885 58
9886 70
9887 60
9888 72
9889 17
9890 74
9891 45
9892 42
9893 50
9894 9
9895 37
9896 18
9897 10
9898 29
9899 24
9900 58
9901 20
9902 26
9903 38
9904 29
9905 16
9906 56
9907 29
9908 30
9909 31
9910 29
9911 26
9912 31
9913 59
9914 70
9915 43
9916 24
9917 19
9918 20
9919 63
9920 61
9921 2
9922 34
9923 48
9924 15
9925 47
9926 16
9927 53
9928 64
9929 0
9930 25
9931 16
9932 32
9933 56
9934 18
9935 36
9936 0
9937 43
9938 40
9939 33
9940 61
9941 63
9942 26
9943 63
9944 60
9945 11
9946 36
9947 60
9948 43
9949 30
9950 26
9951 9
9952 8
9953 22
9954 63
9955 66
9956 12
9957 62
9958 44
9959 70
9960 41
9961 41
9962 19
9963 32
9964 10
9965 44
9966 17
9967 26
9968 28
9969 27
9970 93
9971 49
9972 43
9973 42
9974 16
9975 31
9976 0
9977 40
9978 28
9979 64
9980 27
9981 6
9982 43
9983 35
9984 5
9985 37
9986 38
9987 1
9988 11
9989 51
9990 56
9991 31
9992 27
9993 20
9994 40
9995 47
9996 45
9997 54
9998 21
9999 45
10000 17
10001 27
10002 28
10003 57
10004 23
10005 26
10006 38
10007 34
10008 35
10009 39
10010 65
10011 41
10012 52
10013 18
10014 28
10015 50
10016 3
10017 29
10018 26
10019 27
10020 31
10021 31
10022 38
10023 36
10024 2
10025 21
10026 0
10027 39
10028 2
10029 36
10030 9
10031 33
10032 10
10033 14
10034 39
10035 71
10036 5
10037 50
10038 54
10039 1
10040 2
10041 53
10042 24
10043 31
10044 9
10045 62
10046 35
10047 36
10048 43
10049 26
10050 29
10051 25
10052 25
10053 27
10054 32
10055 31
10056 36
10057 38
10058 59
10059 5
10060 84
10061 14
10062 74
10063 66
10064 21
10065 27
10066 25
10067 48
10068 59
10069 29
10070 23
10071 28
10072 27
10073 20
10074 45
10075 23
10076 47
10077 17
10078 46
10079 49
10080 62
10081 57
10082 32
10083 16
10084 21
10085 44
10086 10
10087 6
10088 15
10089 43
10090 55
10091 29
10092 7
10093 38
10094 0
10095 12
10096 38
10097 30
10098 39
10099 34
10100 42
10101 18
10102 40
10103 13
10104 26
10105 44
10106 28
10107 15
10108 44
10109 42
10110 59
10111 54
10112 10
10113 47
10114 28
10115 50
10116 26
10117 5
10118 46
10119 46
10120 9
10121 5
10122 53
10123 30
10124 33
10125 3
10126 33
10127 11
10128 60
10129 25
10130 5
10131 58
10132 22
10133 42
10134 22
10135 43
10136 42
10137 70
10138 52
10139 48
10140 15
10141 11
10142 48
10143 58
10144 62
10145 54
10146 37
10147 53
10148 0
10149 8
10150 47
10151 36
10152 45
10153 18
10154 41
10155 69
10156 65
10157 57
10158 57
10159 47
10160 0
10161 30
10162 17
10163 53
10164 11
10165 2
10166 13
10167 15
10168 41
10169 9
10170 41
10171 15
10172 19
10173 50
10174 30
10175 58
10176 7
10177 49
10178 48
10179 50
10180 50
10181 35
10182 6
10183 37
10184 53
10185 30
10186 28
10187 7
10188 33
10189 23
10190 39
10191 34
10192 12
10193 5
10194 31
10195 32
10196 38
10197 27
10198 57
10199 21
10200 61
10201 44
10202 42
10203 3
10204 26
10205 37
10206 34
10207 30
10208 30
10209 69
10210 26
10211 40
10212 13
10213 0
10214 16
10215 25
10216 29
10217 47
10218 19
10219 23
10220 37
10221 11
10222 14
10223 5
10224 6
10225 65
10226 30
10227 60
10228 64
10229 24
10230 20
10231 47
10232 34
10233 32
10234 11
10235 32
10236 8
10237 30
10238 32
10239 37
10240 4
10241 42
10242 16
10243 1
10244 38
10245 3
10246 40
10247 40
10248 26
10249 38
10250 47
10251 38
10252 10
10253 11
10254 11
10255 8
10256 65
10257 62
10258 38
10259 7
10260 33
10261 15
10262 40
10263 47
10264 2
10265 35
10266 24
10267 22
10268 31
10269 72
10270 52
10271 49
10272 15
10273 23
10274 48
10275 14
10276 13
10277 43
10278 39
10279 10
10280 31
10281 40
10282 6
10283 39
10284 7
10285 28
10286 31
10287 94
10288 48
10289 65
10290 44
10291 48
10292 16
10293 5
10294 30
10295 19
10296 33
10297 41
10298 59
10299 7
10300 15
10301 58
10302 43
10303 51
10304 38
10305 34
10306 49
10307 20
10308 24
10309 17
10310 8
10311 54
10312 5
10313 45
10314 53
10315 40
10316 40
10317 6
10318 11
10319 17
10320 29
10321 56
10322 31
10323 12
10324 5
10325 15
10326 58
10327 34
10328 12
10329 55
10330 39
10331 38
10332 46
10333 38
10334 11
10335 3
10336 39
10337 35
10338 28
10339 29
10340 6
10341 54
10342 45
10343 9
10344 50
10345 4
10346 9
10347 28
10348 28
10349 27
10350 0
10351 58
10352 47
10353 51
10354 33
10355 9
10356 51
10357 29
10358 52
10359 49
10360 66
10361 7
10362 75
10363 18
10364 35
10365 20
10366 39
10367 19
10368 21
10369 28
10370 26
10371 27
10372 24
10373 36
10374 28
10375 39
10376 71
10377 45
10378 72
10379 48
10380 66
10381 84
10382 40
10383 36
10384 21
10385 46
10386 40
10387 46
10388 15
10389 12
10390 37
10391 26
10392 32
10393 0
10394 94
10395 47
10396 51
10397 17
10398 16
10399 43
10400 45
10401 30
10402 27
10403 9
10404 4
10405 34
10406 33
10407 36
10408 37
10409 62
10410 6
10411 45
10412 64
10413 28
10414 57
10415 44
10416 19
10417 47
10418 22
10419 18
10420 45
10421 78
10422 70
10423 79
10424 42
10425 13
10426 50
10427 82
10428 4
10429 34
10430 31
10431 36
10432 39
10433 5
10434 25
10435 45
10436 16
10437 12
10438 6
10439 45
10440 1
10441 17
10442 39
10443 3
10444 77
10445 53
10446 61
10447 5
10448 54
10449 67
10450 29
10451 60
10452 41
10453 1
10454 41
10455 10
10456 15
10457 52
10458 21
10459 24
10460 18
10461 4
10462 46
10463 19
10464 12
10465 28
10466 22
10467 32
10468 3
10469 9
10470 35
10471 70
10472 64
10473 37
10474 43
10475 29
10476 24
10477 64
10478 11
10479 33
10480 4
10481 33
10482 48
10483 44
10484 21
10485 12
10486 52
10487 16
10488 3
10489 16
10490 62
10491 68
10492 62
10493 62
10494 69
10495 25
10496 48
10497 5
10498 48
10499 43
10500 23
10501 54
10502 16
10503 47
10504 46
10505 26
10506 22
10507 78
10508 12
10509 12
10510 42
10511 93
10512 53
10513 59
10514 40
10515 46
10516 52
10517 36
10518 4
10519 20
10520 34
10521 62
10522 47
10523 60
10524 24
10525 47
10526 44
10527 11
10528 19
10529 35
10530 38
10531 14
10532 57
10533 34
10534 23
10535 41
10536 4
10537 6
10538 53
10539 7
10540 37
10541 1
10542 39
10543 17
10544 28
10545 48
10546 38
10547 15
10548 43
10549 51
10550 19
10551 44
10552 22
10553 52
10554 19
10555 21
10556 60
10557 8
10558 63
10559 66
10560 66
10561 61
10562 34
10563 26
10564 7
10565 30
10566 11
10567 25
10568 7
10569 33
10570 24
10571 28
10572 27
10573 4
10574 6
10575 28
10576 27
10577 1
10578 9
10579 35
10580 37
10581 35
10582 1
10583 37
10584 4
10585 25
10586 33
10587 51
10588 25
10589 79
10590 47
10591 94
10592 67
10593 26
10594 30
10595 2
10596 54
10597 46
10598 74
10599 14
10600 17
10601 20
10602 49
10603 21
10604 99
10605 89
10606 51
10607 32
10608 47
10609 16
10610 41
10611 36
10612 3
10613 11
10614 5
10615 34
10616 54
10617 49
10618 71
10619 69
10620 39
10621 49
10622 36
10623 10
10624 9
10625 10
10626 39
10627 3
10628 42
10629 36
10630 20
10631 16
10632 30
10633 54
10634 19
10635 28
10636 18
10637 50
10638 49
10639 21
10640 53
10641 31
10642 54
10643 62
10644 56
10645 44
10646 42
10647 34
10648 44
10649 38
10650 37
10651 1
10652 38
10653 49
10654 37
10655 48
10656 58
10657 45
10658 19
10659 46
10660 66
10661 68
10662 32
10663 1
10664 33
10665 1
10666 86
10667 86
10668 50
10669 1
10670 48
10671 45
10672 7
10673 21
10674 25
10675 29
10676 28
10677 28
10678 30
10679 75
10680 52
10681 95
10682 40
10683 39
10684 39
10685 36
10686 22
10687 32
10688 40
10689 40
10690 5
10691 40
10692 5
10693 8
10694 40
10695 35
10696 26
10697 26
10698 23
10699 31
10700 31
10701 20
10702 26
10703 6
10704 23
10705 24
10706 44
10707 20
10708 52
10709 20
10710 8
10711 98
10712 2
10713 48
10714 47
10715 24
10716 10
10717 37
10718 3
10719 36
10720 7
10721 50
10722 4
10723 50
10724 18
10725 57
10726 33
10727 2
10728 33
10729 4
10730 18
10731 32
10732 53
10733 47
10734 24
10735 37
10736 4
10737 0
10738 36
10739 42
10740 3
10741 43
10742 9
10743 18
10744 37
10745 42
10746 13
10747 4
10748 50
10749 34
10750 37
10751 14
10752 42
10753 18
10754 5
10755 22
10756 19
10757 68
10758 67
10759 70
10760 32
10761 50
10762 24
10763 68
10764 63
10765 51
10766 39
10767 37
10768 7
10769 4
10770 5
10771 67
10772 56
10773 19
10774 48
10775 50
10776 23
10777 23
10778 36
10779 38
10780 12
10781 37
10782 22
10783 63
10784 25
10785 54
10786 30
10787 10
10788 11
10789 26
10790 34
10791 95
10792 34
10793 16
10794 11
10795 7
10796 1
10797 49
10798 41
10799 49
10800 50
10801 39
10802 6
10803 48
10804 31
10805 19
10806 69
10807 13
10808 34
10809 4
10810 61
10811 37
10812 3
10813 50
10814 8
10815 55
10816 87
10817 4
10818 39
10819 41
10820 36
10821 11
10822 69
10823 49
10824 33
10825 29
10826 9
10827 30
10828 74
10829 40
10830 39
10831 6
10832 35
10833 36
10834 33
10835 38
10836 14
10837 40
10838 3
10839 37
10840 46
10841 25
10842 9
10843 22
10844 22
10845 51
10846 51
10847 35
10848 14
10849 51
10850 43
10851 49
10852 9
10853 38
10854 39
10855 13
10856 0
10857 47
10858 46
10859 24
10860 29
10861 46
10862 35
10863 0
10864 44
10865 20
10866 8
10867 29
10868 1
10869 48
10870 49
10871 33
10872 46
10873 45
10874 56
10875 46
10876 41
10877 37
10878 4
10879 13
10880 4
10881 38
10882 2
10883 36
10884 98
10885 11
10886 39
10887 44
10888 7
10889 34
10890 70
10891 40
10892 6
10893 44
10894 38
10895 55
10896 26
10897 57
10898 53
10899 11
10900 49
10901 13
10902 54
10903 51
10904 47
10905 26
10906 47
10907 54
10908 54
10909 15
10910 38
10911 38
10912 36
10913 6
10914 47
10915 10
10916 28
10917 39
10918 48
10919 51
10920 32
10921 18
10922 68
10923 41
10924 17
10925 68
10926 7
10927 44
10928 13
10929 5
10930 45
10931 39
10932 12
10933 9
10934 30
10935 26
10936 31
10937 9
10938 49
10939 40
10940 32
10941 8
10942 48
10943 45
10944 7
10945 44
10946 50
10947 70
10948 4
10949 23
10950 19
10951 17
10952 29
10953 0
10954 20
10955 48
10956 16
10957 15
10958 30
10959 22
10960 20
10961 56
10962 86
10963 29
10964 55
10965 28
10966 0
10967 24
10968 27
10969 52
10970 19
10971 11
10972 22
10973 27
10974 57
10975 30
10976 50
10977 17
10978 8
10979 8
10980 42
10981 39
10982 5
10983 11
10984 41
10985 5
10986 63
10987 68
10988 14
10989 60
10990 65
10991 32
10992 8
10993 5
10994 13
10995 30
10996 47
10997 5
10998 21
10999 24
