59 38 45 
34 
26 23 36 16 29 51 35 39 
26 35 28 
24 49 57 51 20 19 46 34 
38 38 
20 16 30 34 36 20 50 23 
50 43 35 53 31 36 49 36 
40 28 49 43 47 28 55 23 55 34 26 34 51 57 39 49 41 37 
38 45 
43 47 53 44 48 
38 36 30 46 53 18 
52 54 25 51 
34 24 
68 47 33 29 67 32 55 65 28 52 33 35 33 31 38 55 51 50 38 20 31 59 43 70 44 53 
53 39 47 
37 27 37 
47 36 41 50 20 38 21 39 27 28 29 18 32 37 29 33 27 40 
54 
26 25 40 20 32 54 48 35 33 
31 33 
34 49 29 49 42 41 47 25 30 24 39 
40 37 38 
25 41 47 36 42 20 18 
30 19 40 48 30 59 47 51 23 37 43 37 49 29 39 28 57 32 42 45 33 37 41 41 37 26 35 38 61 62 19 37 24 23 44 34 36 37 32 38 30 43 39 32 51 38 51 23 19 25 27 53 31 54 30 22 20 32 30 23 32 20 39 42 35 52 60 36 35 21 31 32 26 53 18 31 31 26 33 32 53 31 42 44 31 32 46 39 59 59 29 36 32 18 31 48 45 18 48 58 42 25 25 43 26 28 30 49 29 20 38 50 49 25 32 54 28 28 33 37 30 38 53 35 49 29 41 53 44 22 48 47 35 26 49 35 26 31 41 24 31 27 36 31 40 39 35 33 52 35 45 18 45 20 33 38 31 41 46 48 57 50 29 52 53 36 56 27 43 42 21 31 39 25 43 39 42 28 19 41 53 42 25 30 35 32 31 21 36 34 25 32 35 27 28 25 28 42 19 29 47 30 43 29 52 39 46 20 43 45 20 44 35 41 40 41 
40 
26 36 
31 55 41 
34 37 
54 26 40 30 31 
57 37 59 42 45 37 45 56 55 18 42 24 36 16 57 50 22 
42 
32 50 46 52 43 40 33 31 46 33 20 27 34 23 30 46 25 29 25 45 26 27 37 44 20 18 56 33 29 39 44 45 55 43 32 45 33 37 53 48 43 49 27 22 33 36 53 34 27 46 50 34 51 23 47 36 38 20 45 18 27 25 41 26 42 36 33 23 29 47 40 35 39 28 39 36 45 31 47 35 45 20 50 48 47 38 26 51 40 34 49 30 27 41 46 27 33 49 44 36 38 23 31 33 46 20 52 28 33 31 21 44 48 32 37 34 34 34 40 51 39 43 45 38 38 43 38 58 39 24 20 57 22 21 43 19 32 64 36 23 42 48 26 47 47 48 41 32 43 47 27 35 30 21 33 29 41 49 44 31 56 19 31 37 41 29 20 51 29 44 58 33 51 40 30 37 26 46 49 34 38 47 43 26 26 35 48 40 35 43 31 38 46 33 50 18 27 43 32 36 49 44 31 45 46 43 46 43 26 30 37 40 26 31 31 52 47 37 38 26 46 30 53 43 35 40 49 20 26 29 37 35 55 27 38 53 52 27 48 33 35 54 37 25 23 34 21 52 
26 
32 16 16 30 
39 32 19 39 44 32 34 22 26 
28 27 39 26 47 20 28 33 22 
22 38 
24 
28 
33 
27 25 43 31 
37 33 29 36 49 
58 60 
38 18 37 46 36 45 37 40 17 
39 33 22 23 32 48 
25 
48 40 49 24 
42 32 53 32 23 18 30 35 38 47 56 33 20 31 42 46 19 51 
62 32 
64 20 45 40 
56 42 
38 
73 61 27 67 26 50 
20 21 37 53 24 25 50 43 41 35 46 53 54 28 36 45 23 20 53 48 54 38 32 43 52 20 43 27 33 30 42 16 19 29 38 32 27 27 38 53 30 58 43 
72 23 53 48 
50 40 62 
35 44 37 34 51 30 33 18 41 44 45 53 20 47 28 54 39 46 45 28 43 33 18 21 38 51 31 29 40 43 41 23 18 46 39 45 40 23 45 59 45 40 38 41 19 57 50 34 39 39 46 25 28 37 18 53 29 19 18 48 27 35 52 40 38 38 32 58 54 29 34 35 43 54 41 19 18 36 29 41 32 33 42 44 35 29 54 52 22 30 24 24 52 55 51 29 39 44 19 16 19 45 30 39 26 52 44 38 25 21 20 24 45 39 45 40 28 39 46 38 27 49 37 49 34 36 55 41 22 37 44 23 33 36 26 18 55 42 31 27 47 25 27 48 59 38 48 37 31 33 41 18 42 45 23 47 22 40 27 39 41 36 22 32 
51 26 36 48 48 44 43 25 40 47 49 21 41 46 28 47 53 43 28 41 31 36 24 48 55 45 48 43 33 48 47 45 39 59 53 57 41 59 37 54 40 40 52 47 18 38 61 44 44 39 42 48 35 40 49 39 26 55 32 39 20 43 40 42 33 42 48 59 48 31 24 52 32 42 50 53 29 42 34 42 29 23 47 57 45 52 46 41 53 41 62 42 30 40 48 35 49 44 43 28 49 46 36 28 45 28 42 31 43 36 30 25 52 44 37 26 51 52 40 56 28 49 42 43 39 41 52 63 56 33 42 46 59 51 41 41 46 31 56 36 16 44 31 44 53 34 23 54 36 50 58 48 40 28 51 42 28 34 28 56 26 23 25 50 46 50 38 19 59 34 47 49 26 51 27 37 19 55 42 53 48 54 50 49 53 36 45 30 41 59 18 37 46 40 52 38 54 63 53 36 38 31 21 28 40 45 34 32 46 28 53 29 50 39 38 34 62 32 41 41 47 37 50 58 29 40 46 46 30 43 55 21 43 37 35 44 56 55 28 29 33 19 51 51 52 34 48 56 
20 26 31 54 51 34 22 19 50 35 31 
44 
41 47 
27 28 18 48 
36 38 43 31 51 50 41 44 55 18 55 49 49 37 58 57 36 39 35 38 55 52 41 32 44 54 40 24 42 35 46 36 33 45 40 45 43 59 43 51 26 43 32 43 51 18 26 19 43 59 44 23 33 40 32 25 29 35 19 48 35 43 45 30 41 34 51 24 28 38 46 49 41 36 33 35 31 48 38 54 29 42 
62 
28 
39 20 28 46 30 16 37 18 37 41 32 52 
41 46 28 
25 26 27 46 58 26 48 51 20 
50 52 39 
29 48 
31 48 34 25 39 30 42 26 53 22 28 29 48 23 27 35 34 32 18 29 26 54 26 41 38 54 21 
46 22 54 52 43 55 
37 35 47 33 36 23 30 37 18 21 50 32 42 51 45 37 55 40 46 32 53 38 43 51 28 37 32 57 47 36 31 47 
40 60 
56 34 39 48 39 33 47 30 46 35 57 45 41 41 21 48 57 55 28 51 51 41 34 47 29 35 38 54 33 19 53 53 31 59 
33 43 33 21 19 50 46 43 47 
34 32 37 51 58 18 39 24 39 26 26 35 56 21 20 35 26 37 42 36 35 49 19 46 32 39 59 22 23 51 19 45 32 48 57 22 52 47 38 25 30 30 35 48 35 29 37 41 29 40 33 22 32 22 64 40 42 23 37 34 32 21 25 49 36 37 
34 49 
43 49 19 50 
53 30 
22 28 33 27 35 27 
46 57 32 26 51 49 37 30 46 21 40 39 51 33 33 41 27 44 47 47 34 40 44 18 49 26 29 50 48 47 46 21 54 37 52 48 39 41 54 40 34 40 36 29 19 40 24 56 43 50 42 34 40 33 44 52 43 45 27 38 41 58 20 27 25 39 30 49 27 40 19 25 38 54 19 35 48 26 35 28 37 19 36 50 48 50 37 45 52 49 53 48 36 19 21 30 52 53 30 45 29 37 34 30 38 45 30 44 44 37 26 51 21 45 29 26 26 43 37 37 49 33 30 41 46 48 26 52 35 46 44 59 26 42 35 38 33 32 52 32 48 25 41 48 38 34 25 29 55 41 40 37 37 29 47 54 37 46 29 23 25 34 32 39 46 38 46 37 37 37 40 27 21 49 57 38 42 23 35 20 33 46 47 21 34 32 43 31 49 38 30 56 36 58 34 20 37 41 27 44 46 38 44 41 36 20 38 52 44 47 46 56 54 34 31 44 42 26 37 41 25 23 55 25 50 43 36 48 53 24 47 41 46 29 24 48 54 38 49 48 55 27 43 28 46 20 49 33 47 41 47 60 33 36 35 21 42 51 35 54 40 32 49 43 41 53 28 31 46 26 56 52 30 20 43 23 49 21 49 41 52 42 46 23 48 38 56 25 33 38 43 43 54 39 39 42 20 38 32 44 31 34 43 38 24 42 42 23 20 43 26 56 28 42 46 41 34 41 34 38 30 49 59 27 45 43 55 35 23 38 41 33 41 27 23 46 49 45 30 49 41 40 38 35 40 56 32 54 48 47 37 20 37 22 40 32 35 21 25 33 31 44 31 31 50 50 48 48 29 43 34 45 47 51 35 52 40 28 21 40 40 31 31 27 43 21 35 43 47 26 41 28 43 37 59 35 38 28 39 51 48 21 56 47 35 44 31 46 38 39 54 30 45 47 30 45 32 51 24 47 21 28 44 42 27 31 54 34 36 37 52 57 37 30 54 40 27 21 40 23 29 44 41 42 35 44 25 25 44 28 32 44 49 38 46 35 35 40 33 46 41 45 49 49 59 30 29 53 50 49 44 38 36 33 24 37 49 51 56 34 53 50 40 48 46 57 48 21 26 38 53 40 30 29 39 36 31 45 39 36 38 33 53 27 30 46 36 57 28 38 43 33 50 45 21 41 56 34 52 30 48 41 20 42 52 54 26 33 41 44 47 54 25 36 29 57 44 39 30 34 50 58 40 47 25 32 30 27 42 45 21 41 46 33 29 27 29 37 40 28 49 53 29 45 22 44 47 35 32 40 29 30 36 52 44 29 57 27 29 22 52 47 53 40 38 30 54 34 39 41 41 38 54 45 40 
51 30 41 26 48 33 35 32 20 39 36 46 53 37 20 33 57 26 50 34 30 25 45 56 54 51 50 43 35 54 24 37 43 38 30 23 40 52 32 53 41 30 49 33 44 35 32 42 55 46 55 25 42 50 50 46 47 54 51 30 40 25 47 47 28 29 54 40 21 31 54 24 49 40 53 29 63 39 25 31 62 48 46 43 39 46 39 41 39 39 40 30 29 37 34 62 25 51 57 54 40 24 51 29 52 48 20 42 49 50 31 32 45 57 35 44 34 25 44 34 36 57 46 41 54 31 42 43 32 51 47 36 26 23 23 39 36 46 45 49 39 45 38 52 48 37 51 49 57 46 36 49 46 32 40 20 37 50 24 43 28 37 21 52 42 43 35 30 41 56 24 29 48 45 54 23 30 52 36 48 46 36 48 39 30 41 46 42 52 60 35 40 45 31 45 33 52 42 39 25 50 43 49 26 61 28 54 32 36 43 25 42 30 47 40 32 40 40 33 48 37 21 53 57 59 27 30 42 42 40 31 55 48 29 24 42 36 30 39 49 46 45 23 41 21 35 24 39 35 43 58 44 31 48 64 30 51 40 42 28 46 34 42 46 38 31 52 42 50 30 37 35 39 46 36 29 35 39 20 45 49 45 59 61 53 54 30 20 32 39 29 42 30 48 58 50 40 30 24 26 26 44 45 47 36 42 55 29 59 33 23 49 41 30 32 27 35 36 35 29 48 39 39 31 44 53 48 32 43 49 61 45 48 40 36 44 37 48 33 58 36 32 46 47 47 36 46 23 28 31 44 35 49 28 44 36 39 32 38 30 57 32 56 43 51 20 38 53 38 45 50 40 58 50 39 37 49 29 50 37 33 48 41 37 32 40 42 43 39 44 32 55 26 23 26 51 40 43 37 56 43 51 52 37 52 30 38 49 30 62 28 44 46 48 47 42 48 39 48 55 37 52 46 44 23 41 36 36 37 47 56 48 26 39 26 39 37 28 33 35 27 43 48 40 31 35 51 59 43 55 29 42 43 27 39 47 39 44 54 47 37 34 31 37 40 44 45 50 50 26 28 42 41 30 57 31 43 37 26 40 36 25 42 40 53 33 43 43 44 40 44 29 46 27 55 52 23 27 54 52 31 49 44 54 30 27 35 37 36 31 21 42 54 45 44 28 43 48 25 45 58 40 34 29 63 47 37 26 39 41 42 20 28 64 25 25 
42 
54 37 48 30 51 55 39 35 47 46 28 52 48 32 48 20 26 24 34 40 44 34 32 44 44 43 51 51 39 55 59 41 35 33 35 34 41 31 32 54 44 45 44 52 47 27 39 41 58 24 56 34 58 42 53 51 48 46 51 49 37 34 44 57 37 49 38 36 48 24 37 23 45 26 29 25 57 47 45 26 32 58 35 46 49 57 28 54 44 59 58 20 48 36 23 46 31 37 50 22 36 33 49 35 49 54 42 29 39 43 49 31 48 42 41 23 58 42 22 45 48 54 47 49 43 42 47 28 38 37 49 49 42 45 37 42 46 46 38 21 45 41 35 31 52 44 36 27 44 47 62 20 25 48 51 33 26 46 34 40 51 45 53 48 51 46 49 45 43 51 23 46 44 35 46 32 40 24 47 39 51 33 39 41 48 26 40 24 21 53 46 57 47 33 47 36 39 31 41 30 36 59 57 25 51 42 36 59 21 53 53 28 51 32 61 33 38 58 47 25 25 42 58 50 45 44 58 24 53 43 54 49 54 55 20 50 54 41 28 49 25 25 30 37 25 31 31 45 47 25 57 31 37 48 46 45 43 34 36 25 33 39 48 46 50 54 26 43 46 37 58 43 54 35 47 49 45 31 41 26 47 33 53 58 35 32 39 27 37 42 35 44 52 44 40 37 49 41 51 41 41 27 24 41 48 55 35 35 40 37 31 48 41 30 45 54 30 31 53 57 44 25 49 40 41 50 20 39 47 56 27 38 23 20 30 49 52 41 38 40 28 45 50 34 59 59 28 28 24 43 48 55 26 51 32 31 50 43 25 24 22 50 36 48 34 28 46 42 25 45 55 35 50 47 40 24 41 56 28 43 41 38 51 43 47 42 49 50 38 31 23 47 55 37 36 44 45 47 53 37 56 44 53 35 36 53 52 35 38 37 59 20 51 44 26 34 46 32 42 34 42 54 43 59 25 53 43 31 31 57 33 46 44 51 50 57 43 47 51 35 54 42 25 49 47 37 25 43 48 52 44 29 47 51 36 24 26 24 37 25 58 40 30 37 30 54 39 43 39 30 36 26 57 28 25 21 57 42 50 34 37 30 25 26 52 53 25 41 59 36 38 29 47 46 48 50 31 38 34 38 46 32 34 40 40 29 26 30 44 40 40 25 53 50 47 59 31 45 47 33 30 39 40 24 42 36 39 46 50 46 42 50 44 48 28 47 26 44 36 34 52 41 42 33 42 34 24 38 54 50 38 21 42 37 33 45 36 45 54 55 58 52 35 48 40 54 45 35 46 42 52 37 52 43 46 30 48 28 20 50 42 43 43 36 52 47 21 42 43 42 46 47 43 39 47 48 45 49 40 50 28 38 58 35 28 59 29 36 36 43 44 44 50 26 57 36 33 46 51 46 59 48 26 52 44 47 45 52 
67 60 33 33 69 69 53 43 51 42 29 45 57 27 56 50 26 25 43 27 45 38 
22 21 
56 32 25 
31 21 
25 52 48 53 45 24 41 49 45 
42 29 36 44 
58 28 39 40 56 25 35 37 54 23 42 53 
25 41 64 53 
47 58 44 49 46 41 54 44 21 25 33 26 54 45 36 31 50 22 44 50 20 42 53 
39 57 35 36 32 49 34 34 33 29 57 42 36 27 36 43 40 
31 
23 21 32 26 
27 37 28 47 25 42 57 34 58 
38 29 
72 33 42 59 
45 41 34 
51 29 49 50 51 26 
30 48 31 23 39 48 41 46 23 51 52 31 
42 
46 50 32 42 35 30 47 54 32 49 39 40 36 54 25 27 57 44 25 26 23 45 26 24 42 35 36 34 36 50 58 46 54 41 48 28 36 45 30 29 46 39 38 
39 53 
26 
30 50 30 40 47 26 40 23 45 30 39 54 32 30 34 51 29 44 33 21 26 34 34 49 36 44 34 44 35 36 30 38 31 48 50 41 41 35 23 28 31 33 21 42 49 30 52 51 39 36 30 32 28 27 33 45 33 49 31 34 51 35 39 53 46 29 34 33 27 33 27 37 37 32 33 20 41 38 32 51 39 36 46 25 41 36 36 29 25 26 31 47 45 51 38 36 43 35 37 59 39 27 41 52 31 43 22 57 41 31 30 33 41 31 29 47 41 31 27 33 27 28 30 49 49 29 37 47 31 27 47 42 36 30 39 39 39 20 39 40 40 21 21 35 27 25 49 31 42 36 49 38 48 33 38 45 24 31 30 38 27 41 53 39 36 54 34 44 38 49 42 30 21 34 28 30 36 39 25 30 46 38 30 38 28 36 25 47 53 39 41 36 58 62 29 21 55 48 20 
29 44 38 29 50 21 59 62 49 40 47 31 43 36 27 35 43 48 23 22 22 24 26 33 41 51 27 29 25 34 43 26 25 27 44 45 30 50 62 23 46 36 42 44 
32 36 31 
31 50 38 40 28 39 27 46 
56 
29 32 42 41 
62 32 35 26 
61 
33 31 40 
35 35 
28 57 28 
25 27 32 25 35 24 
62 21 37 31 29 54 
20 54 
40 42 28 32 30 25 39 51 
57 23 
46 44 54 43 36 57 48 41 54 46 46 31 28 
28 29 35 36 29 47 
61 33 25 45 
25 36 64 
33 
48 39 
34 34 36 
69 50 61 52 30 41 47 50 38 54 59 63 49 
61 52 43 55 41 29 49 54 30 
61 30 49 49 40 49 23 26 39 58 43 42 34 56 34 
64 43 54 
35 38 51 33 
67 42 68 50 34 41 46 27 24 51 25 50 66 55 30 34 
26 28 34 41 
32 38 41 25 28 53 64 
45 37 61 32 
42 27 21 50 
51 50 29 48 
50 44 57 50 39 53 38 30 43 24 49 57 32 41 45 44 46 64 52 52 35 32 48 23 50 31 38 26 41 34 52 37 46 48 27 45 55 24 29 31 53 33 23 39 38 25 45 51 49 41 26 36 36 43 43 43 39 59 20 51 41 33 40 48 56 28 55 55 42 47 26 45 34 39 42 40 51 22 33 48 46 57 40 53 47 40 50 41 40 37 30 49 32 36 56 43 44 29 40 
29 38 25 50 30 52 58 51 36 52 33 30 24 36 48 
31 44 
63 62 49 
58 38 42 
37 35 35 20 28 39 36 24 26 27 49 
47 42 45 52 
40 23 43 
28 
25 
32 57 42 32 40 27 54 22 52 48 44 43 51 42 24 26 38 36 27 33 40 31 42 23 48 35 38 30 41 28 
60 40 27 49 30 40 50 49 25 
47 24 40 39 44 45 30 51 44 47 39 26 36 33 44 
52 50 
37 40 
31 
21 
39 21 48 50 
27 51 
68 
28 43 22 42 32 40 21 36 50 31 42 44 56 42 
31 38 30 
52 42 25 20 49 37 30 46 32 54 51 47 54 30 53 42 40 26 29 52 52 33 43 51 49 45 43 49 37 44 27 45 41 41 33 22 30 28 51 42 26 49 45 40 45 35 42 53 26 40 31 47 45 51 43 41 47 26 27 
35 38 33 
28 57 43 21 30 35 55 37 34 45 63 39 42 
56 32 46 32 39 56 40 58 30 38 25 50 32 24 
28 49 
61 49 
36 35 53 
39 54 58 33 
39 38 45 32 47 30 36 38 35 46 41 53 35 29 20 41 29 24 27 26 27 41 33 46 34 27 25 54 24 33 20 47 20 30 58 28 39 29 33 40 44 50 40 46 47 
70 47 22 35 49 27 30 51 34 58 33 
61 40 29 33 30 35 35 
33 27 26 
63 39 36 34 29 38 32 48 30 58 34 56 54 22 38 41 34 26 37 54 44 42 44 37 22 53 41 42 25 37 48 32 33 28 22 49 32 32 59 37 49 56 45 41 57 48 28 31 48 38 42 29 42 26 51 43 44 30 32 57 59 58 54 38 25 42 50 51 25 49 
64 29 38 
23 
38 29 40 
30 48 48 44 34 63 54 33 39 22 30 28 24 27 27 44 46 59 28 32 30 28 36 43 58 39 43 43 41 44 25 29 46 36 43 37 43 52 42 38 49 47 46 44 57 26 46 
61 
53 52 49 41 
27 41 24 
26 45 28 35 20 38 29 24 28 54 36 
62 41 
25 50 38 33 
54 29 21 33 30 52 31 36 45 52 46 47 28 56 50 44 47 42 53 45 40 47 37 35 43 30 23 28 52 56 46 26 43 46 44 30 54 41 42 33 52 31 53 49 44 53 40 47 26 40 26 50 45 36 42 43 31 39 50 34 41 44 31 40 42 37 50 41 29 24 42 38 45 41 45 38 47 25 40 34 33 30 30 
51 24 44 
38 44 50 39 36 59 
48 55 53 49 29 38 26 21 38 24 40 50 27 43 31 
68 49 42 33 45 29 
38 35 37 34 46 51 29 45 49 29 40 27 32 41 40 20 24 37 33 21 20 57 47 29 42 39 46 26 21 33 30 37 44 48 29 54 55 36 53 37 30 38 50 29 44 48 47 45 43 52 47 43 23 38 35 27 29 42 46 25 44 21 28 46 59 30 33 33 49 30 44 35 41 54 45 36 39 21 35 27 23 34 58 37 25 48 39 37 52 29 52 55 44 27 43 48 52 32 40 37 41 26 30 47 41 31 56 43 55 25 29 37 51 37 37 57 28 51 20 57 44 58 39 31 35 36 54 52 44 35 29 48 21 49 55 42 26 53 47 23 57 48 39 32 45 47 39 47 48 34 36 38 29 26 53 36 30 33 51 21 49 32 34 39 34 34 22 36 38 53 39 24 47 50 53 31 32 28 27 33 46 20 26 45 59 38 25 38 50 35 39 26 31 32 32 39 38 34 50 35 53 53 34 39 34 30 26 22 20 29 32 38 24 25 25 30 53 27 24 50 27 34 34 25 32 32 34 28 37 30 25 30 52 
30 
62 33 36 32 
35 22 27 38 32 37 35 38 29 32 39 
73 28 
30 38 
55 24 53 
34 54 20 23 30 36 23 53 27 57 27 21 38 
61 39 29 20 28 
71 39 
33 53 39 60 
62 57 28 
62 51 20 34 58 54 38 26 53 22 50 37 51 55 51 26 53 31 50 27 36 52 34 55 20 30 38 35 37 34 35 26 28 21 32 27 57 21 23 54 36 36 59 57 28 24 56 50 24 56 
27 35 
62 39 37 
25 32 29 30 30 50 32 29 20 51 23 37 31 39 57 32 58 25 28 
62 52 55 
34 38 39 
50 33 54 
20 20 27 
50 28 53 23 25 33 35 26 57 37 28 27 37 52 37 33 
65 24 21 54 51 28 29 51 
66 
34 36 27 35 32 36 21 
31 33 36 50 22 26 28 55 30 26 39 52 21 35 53 21 54 
55 
63 38 36 53 36 28 35 34 38 30 28 56 36 31 52 55 54 28 37 35 20 52 22 59 50 37 34 25 20 29 31 30 51 35 32 36 36 53 50 35 33 22 26 26 58 59 26 58 
32 33 
31 29 
60 58 27 
56 39 38 50 
25 33 34 
26 38 20 50 27 25 28 22 33 32 35 25 27 29 55 20 62 
67 33 25 60 
30 38 28 59 38 57 33 28 61 32 37 25 35 39 31 30 31 35 37 31 25 32 25 25 27 31 32 21 36 
26 27 29 
60 31 32 32 25 34 23 
32 37 33 24 
64 25 
64 34 34 25 32 37 25 38 56 62 22 22 39 34 28 57 36 30 30 
64 55 
27 34 32 39 20 
36 
55 
25 38 
26 36 
72 59 
66 56 25 58 30 37 21 56 56 26 29 30 27 63 33 33 33 28 56 59 63 55 25 20 37 63 64 30 60 59 28 20 27 20 27 25 58 72 56 28 55 30 57 24 21 24 29 59 69 55 37 55 30 58 26 57 61 20 74 74 60 59 30 27 34 32 60 27 64 56 30 69 60 62 28 34 30 28 27 32 59 34 33 28 57 29 59 74 30 61 
62 37 21 
25 27 26 22 29 
60 
34 33 32 
67 
64 57 35 56 56 34 26 
28 33 59 28 38 36 29 33 24 27 26 27 39 63 37 29 36 33 28 36 37 24 28 29 39 24 31 21 63 32 25 34 21 24 20 24 32 20 
71 57 38 73 
66 60 30 
60 36 24 29 38 35 39 23 28 56 35 29 23 25 34 34 55 21 32 39 32 59 25 26 26 
31 20 39 30 64 57 
60 21 34 36 59 
29 31 38 56 34 27 36 55 39 33 
68 58 69 62 59 
67 63 59 59 66 26 30 34 34 27 32 26 36 71 55 27 68 58 69 56 55 68 28 33 59 30 26 33 33 38 25 29 25 28 31 60 28 56 55 26 29 30 26 72 
69 74 29 
63 31 
38 38 32 38 
68 60 34 
60 31 55 28 60 30 
26 25 30 30 31 61 38 26 27 38 62 30 
60 36 27 27 27 
63 33 26 36 
32 25 
69 26 62 65 33 25 28 28 28 
64 39 
63 29 36 27 33 29 32 29 39 
26 33 25 
27 32 34 29 29 25 39 28 35 35 38 29 37 34 37 27 29 25 39 35 28 35 26 29 27 27 26 39 26 36 27 29 32 33 34 38 38 38 33 30 32 25 25 
61 30 26 27 32 34 29 28 33 26 31 28 33 31 31 31 29 28 
63 31 27 
32 30 33 
64 29 28 29 28 34 33 
63 31 
66 25 32 
61 27 31 33 26 29 27 28 
26 32 28 26 32 28 27 33 31 25 25 31 30 31 28 30 32 60 33 25 33 26 25 34 27 28 29 31 25 
63 33 25 27 
62 29 
61 29 27 29 26 29 29 29 
60 25 26 
71 68 66 74 71 68 28 64 73 61 64 63 65 61 65 63 66 60 
64 60 62 62 60 61 63 63 64 62 64 62 62 63 60 61 63 60 60 
68 60 60 
62 63 63 
65 
60 61 60 60 60 62 62 61 63 61 63 60 64 61 61 60 63 63 
64 61 63 62 60 
64 61 60 60 63 61 61 60 64 61 61 64 60 64 
73 
71 66 
71 
67 65 62 61 
69 70 
64 63 61 62 63 60 62 60 61 64 64 64 61 62 64 64 64 62 63 62 61 63 61 
69 
61 
63 
62 63 64 60 64 60 61 61 
65 74 61 62 
62 62 62 
60 63 60 61 60 64 62 60 63 62 
63 63 60 62 61 63 63 61 60 64 60 60 62 61 60 62 62 63 62 64 64 72 69 73 65 68 66 68 68 72 69 66 72 
71 74 65 69 67 70 65 69 66 70 70 65 
66 66 65 
71 65 65 65 65 66 66 66 67 70 70 71 72 72 73 73 
