31 8 5 24 
74 73 40 
43 9 11 13 25 30 15 
57 11 26 18 
68 62 41 66 
43 19 61 41 28 
49 
31 2 18 4 30 
25 
55 60 
43 14 36 6 
33 9 30 5 
64 
35 8 13 37 34 
67 8 27 39 37 67 64 
33 
56 1 
52 49 35 19 57 
32 29 0 31 
65 
50 
42 50 43 38 38 45 
40 28 61 14 
46 20 61 4 48 51 16 
62 2 2 62 
46 54 46 49 9 48 49 
36 34 9 4 
33 13 9 36 
27 24 12 4 
64 62 63 
72 
45 14 23 50 14 46 11 
18 
33 34 5 
52 61 55 49 
56 3 60 0 
29 27 21 66 54 30 
19 20 10 42 40 
31 7 1 5 
61 60 62 7 
45 25 42 15 20 46 
26 27 29 25 54 
59 60 27 
52 7 48 27 13 52 
50 
56 47 
53 32 53 31 
54 26 51 12 
56 57 
43 12 16 42 20 28 41 
64 38 62 64 
50 20 24 25 18 
49 
65 2 65 1 67 
50 62 50 53 52 11 2 
50 47 53 27 21 
45 21 21 
77 
60 55 53 62 40 
29 25 58 68 
43 10 43 13 17 
23 48 54 48 
55 59 35 15 1 58 19 
37 30 5 41 10 32 34 
60 
69 8 
43 33 39 
65 0 40 69 65 7 
20 
95 
45 
36 44 2 3 3 
35 38 9 
69 
31 3 29 45 
59 56 91 8 41 56 46 
29 11 26 
47 
52 15 48 43 30 
40 31 29 68 
35 37 10 10 27 
30 30 8 1 
42 7 43 14 41 
39 20 18 37 
94 15 
40 10 26 30 
44 11 11 9 9 
74 56 9 69 84 96 45 
41 45 42 16 5 
22 11 57 18 
35 17 31 39 
39 5 29 20 30 
39 40 33 40 9 45 38 
63 1 43 
31 4 30 31 33 39 38 
20 28 47 15 21 29 
62 40 
55 
36 36 38 13 34 
26 29 
40 6 38 38 1 
35 38 39 33 
26 27 28 21 20 
29 49 32 46 33 
61 
62 30 62 25 
49 26 11 1 
35 38 8 39 38 
74 
69 7 44 
28 
66 33 
46 17 48 47 
25 
18 37 25 31 18 16 
62 21 
68 26 
46 48 18 59 
74 42 
36 39 6 0 
67 6 27 
49 29 48 15 
65 7 
35 38 28 40 5 
61 27 
39 6 0 7 5 37 
29 45 2 25 52 
45 49 43 44 
39 29 
40 2 44 59 44 0 29 
48 16 13 23 
60 
34 23 26 35 
76 
38 26 11 13 17 
29 
40 45 2 12 
61 73 
34 5 18 5 
42 16 42 64 
25 12 
47 48 15 41 18 
61 2 
50 52 35 30 
26 11 0 17 36 
26 29 23 
32 33 9 29 
35 36 8 5 3 
61 58 43 49 40 
39 39 37 29 13 
69 0 
46 12 40 
71 68 
79 53 53 18 86 
39 
31 30 5 31 11 
41 42 22 7 
26 8 43 25 32 
31 9 16 
31 19 5 30 
49 5 33 49 50 20 13 
49 16 56 
41 43 39 
48 44 21 
38 7 8 45 10 30 
32 
25 
25 60 6 
41 45 6 51 18 
96 
60 61 6 60 63 
46 45 8 48 23 
50 52 2 14 
51 10 13 51 5 
40 19 12 14 14 17 
20 
37 40 8 8 
38 39 1 27 37 
39 32 39 35 
86 37 
51 27 52 11 
47 47 26 18 14 
41 6 7 29 
26 
26 
60 9 
54 
64 
26 36 25 29 26 32 29 
39 28 34 41 12 
21 
27 30 1 28 
47 
66 5 70 43 34 
29 29 27 1 
35 13 8 16 1 12 
57 23 11 29 11 57 
40 28 42 69 
42 28 16 11 
99 71 18 
28 1 
19 
41 8 10 8 40 
36 21 16 32 0 
42 13 41 27 40 
41 23 12 
63 55 
67 43 71 59 10 
48 20 44 15 46 24 55 
52 21 50 44 28 14 55 
40 
18 
36 4 39 33 36 
54 51 53 42 
26 25 1 28 
51 
39 
46 7 23 53 
54 42 4 
81 6 30 46 15 0 
49 
40 8 
33 2 2 9 37 32 
19 
43 
40 21 19 48 
40 23 18 31 26 
83 21 
41 14 16 4 16 
82 49 
42 14 13 23 32 25 26 
43 8 40 8 5 0 
41 62 16 18 
43 10 6 45 
72 49 
22 14 24 42 2 53 
25 2 
35 35 17 7 12 12 6 
41 19 16 15 
43 
31 5 6 8 
40 55 32 0 
54 47 54 21 61 
52 16 
28 4 27 29 1 33 
37 11 37 24 38 
87 
40 34 5 3 
33 5 31 29 43 0 
86 50 
37 8 39 
55 21 
68 41 67 1 63 
55 31 61 
67 6 69 48 10 35 
37 
51 
31 24 5 35 32 
83 71 
37 5 11 0 
43 15 
33 1 33 4 31 
54 53 49 
37 42 7 1 
37 10 36 35 
52 51 22 53 
43 33 27 15 
25 57 34 52 
50 22 
62 6 31 0 53 
35 3 43 27 
36 
86 52 
47 48 9 57 
40 42 
48 55 30 12 14 19 
82 31 
38 38 34 33 
84 
40 
47 
60 1 40 
48 48 31 
42 28 29 18 19 17 
20 22 57 3 24 48 
56 9 
48 47 21 12 
61 22 
65 8 
28 22 0 
45 39 9 17 56 
33 13 28 31 33 4 6 
31 11 23 10 6 
73 44 
33 2 27 25 
61 
62 50 63 11 2 2 30 
56 8 55 17 28 
34 17 33 55 32 
41 11 1 32 0 5 0 
27 4 1 
55 30 
55 29 
34 32 33 54 43 2 
32 
70 
60 35 14 26 
46 46 43 25 
58 11 
42 24 73 41 
47 45 58 16 38 
59 54 15 
43 16 16 12 
59 58 45 51 10 54 
40 0 20 20 
37 67 
55 62 67 60 58 
34 7 31 2 
74 3 
51 32 30 54 53 
29 24 12 27 
34 34 5 6 
51 23 
39 37 36 26 
44 14 
72 68 
50 19 
62 27 14 
34 43 1 35 
56 21 53 0 6 48 55 
29 27 33 26 29 7 
42 18 15 1 
55 56 
65 17 
64 1 61 13 4 60 51 
50 11 1 25 16 
51 
26 6 27 0 
26 26 28 26 0 25 27 
72 76 29 10 
38 8 29 11 18 5 
51 50 52 28 
32 4 30 37 
28 57 9 31 
20 
49 
90 59 
23 22 44 25 49 21 
39 15 7 7 29 7 14 
21 
58 
45 29 26 48 20 
48 10 44 2 
46 54 24 33 45 
44 43 29 42 34 34 25 
60 4 
29 5 
55 47 
33 12 4 5 
59 
42 5 46 42 39 26 13 
43 44 14 0 
47 2 52 49 
36 11 8 12 61 
31 34 29 33 3 31 
43 7 36 73 
20 2 16 48 19 24 
76 
59 55 
74 73 
59 54 30 5 
58 10 36 21 
25 27 
48 26 20 5 51 
96 
18 11 19 1 
61 16 36 29 67 20 
53 10 16 0 
53 4 27 57 52 85 
43 3 10 14 
40 44 12 41 
48 11 21 48 40 
46 24 50 16 
36 
41 54 5 43 50 3 
34 
63 42 61 54 31 19 
33 31 28 6 
65 43 16 
50 1 21 29 
45 25 41 47 48 
37 10 27 8 12 
58 46 51 
42 18 12 45 
32 29 1 38 31 31 32 
58 56 25 29 
31 32 5 2 30 
33 4 34 2 45 2 8 
27 0 2 26 26 
53 6 21 4 14 
56 
56 28 
59 60 
64 28 36 0 
33 4 26 
38 6 15 16 
49 51 19 
31 31 23 
63 34 26 18 63 62 58 
29 1 25 
45 22 12 15 
40 14 6 13 39 
64 63 67 
47 
54 23 52 
72 45 
55 57 47 
62 9 27 33 
52 
51 19 12 
55 26 30 8 50 
54 10 34 23 16 60 
70 
32 6 53 38 39 30 
50 10 26 52 
55 44 11 
19 16 17 20 18 13 45 
53 16 10 16 
34 
44 43 68 42 12 21 16 
60 15 35 14 
18 
73 45 71 4 
67 
18 
43 
57 35 
34 56 6 45 
32 44 14 9 
25 26 
39 11 6 12 
42 32 26 31 41 
28 27 20 28 
30 25 
34 30 31 1 
54 48 16 20 
25 24 35 25 25 
71 69 73 
68 2 68 63 5 26 
59 56 
30 43 2 56 
63 61 62 36 
50 55 20 15 30 23 
56 47 
45 79 47 44 18 
50 
71 
36 7 14 48 36 
53 28 54 
63 34 57 
60 7 31 57 
33 11 1 37 8 49 
66 9 
42 11 33 46 13 
30 25 29 36 32 
20 23 51 26 26 44 
37 36 1 17 
39 3 45 
56 21 17 
38 8 34 2 
67 23 59 
40 42 9 0 9 
43 44 18 7 13 
44 44 
58 58 22 22 
64 56 
44 34 13 0 
71 64 67 21 40 47 72 
40 25 10 15 49 
22 25 23 45 
71 44 81 
36 38 
38 28 40 1 
61 59 15 34 65 0 
29 30 
41 
35 32 38 39 31 31 12 
48 29 47 22 18 38 13 
39 7 41 39 
22 
59 59 59 4 
42 30 41 4 44 
51 16 
48 23 19 42 
42 14 9 19 15 34 
41 16 14 64 44 
35 5 36 12 
40 19 
57 4 65 4 20 
83 27 16 
29 1 29 29 
47 56 20 44 
30 36 32 11 33 
32 34 40 0 
35 10 37 36 
39 40 37 73 
37 33 
43 4 44 
28 58 30 52 15 
28 
36 1 4 5 5 
50 61 24 20 50 
29 21 34 27 
39 32 
59 61 26 44 
41 26 44 36 14 
49 
42 43 11 28 31 17 
45 16 16 45 
22 28 
52 11 52 51 
18 
35 
87 17 55 36 19 
34 30 
39 
39 38 30 0 1 
72 5 71 
39 33 8 36 
33 3 
47 37 49 28 23 
28 30 2 27 44 
41 13 2 49 9 
68 26 
63 0 1 
37 37 1 
43 24 44 33 13 
34 6 28 36 
41 5 19 42 
42 9 3 44 2 4 38 
32 7 36 39 59 
46 23 17 22 
30 10 7 32 
88 13 25 40 
36 36 7 35 40 4 3 
47 39 50 56 22 
46 
28 49 29 28 
48 35 47 15 46 
30 46 27 
62 60 35 34 
45 48 33 38 24 46 
51 27 11 6 
71 15 
27 
36 9 6 38 10 30 
28 2 20 2 
62 2 
46 28 47 49 18 
50 20 
57 30 56 21 3 27 57 
26 
38 33 8 2 3 59 6 
53 32 23 57 
49 15 47 
57 11 
56 2 
30 25 33 
43 3 36 5 48 
48 5 6 25 
69 8 6 66 
49 21 46 22 
44 10 19 17 
30 38 40 38 
26 34 29 
45 
21 
42 
37 9 54 13 
49 51 17 18 10 
18 
35 10 57 1 1 
25 
43 24 
45 44 8 11 49 
48 46 46 51 14 50 45 
38 6 5 37 
51 9 5 
40 43 40 
46 19 
41 30 5 17 
39 
54 55 53 28 0 
43 
21 20 1 45 25 
66 3 
33 11 
72 
54 
19 39 31 14 
86 6 
54 29 51 16 17 
50 49 51 47 
31 11 25 
38 13 3 39 64 
36 2 37 5 8 
26 
41 42 6 12 
60 8 37 63 25 62 
96 
27 27 34 31 
75 
49 23 
19 25 44 17 10 12 46 
21 25 
41 13 14 48 39 6 
43 16 8 12 37 7 
27 25 1 24 27 
34 62 62 10 
90 25 
37 40 6 35 0 
39 6 37 8 
21 49 23 24 25 33 49 
35 33 38 37 45 3 7 
49 44 15 
39 4 1 37 6 
37 29 40 1 14 
42 7 30 12 7 
37 6 25 20 23 8 24 
30 8 29 5 33 
37 
72 73 
45 12 46 
40 47 45 
53 53 27 52 
31 8 9 12 
42 17 36 11 
69 26 
55 25 21 26 58 
72 68 
51 21 61 44 
50 50 
26 57 25 25 28 20 
65 10 
19 
41 2 13 16 
84 
25 45 4 12 18 
37 42 34 37 
41 40 45 10 18 
85 57 
42 1 25 0 43 
36 8 12 32 
47 25 48 
39 1 14 0 
58 56 58 69 59 
92 20 
34 35 12 46 
29 28 25 
40 42 12 17 
54 
48 30 18 
61 30 
41 17 45 44 31 37 35 
26 0 67 5 
39 7 33 17 
31 33 0 31 32 
57 28 57 22 52 
43 7 40 44 
66 65 68 28 
36 8 0 42 30 
46 
26 24 
65 42 5 10 
66 42 
44 29 40 16 12 
73 48 73 43 
57 8 28 2 
39 39 6 37 
26 
39 5 36 9 
39 
31 32 7 32 27 3 1 
45 45 
71 35 
46 13 17 17 48 
39 9 7 43 18 34 5 
29 1 1 0 
33 36 25 2 33 0 8 
60 30 
63 35 
37 36 40 40 11 
31 
58 48 
32 32 31 33 29 
43 6 
44 
22 
69 67 
27 28 9 0 24 
69 6 
31 24 29 40 
66 6 
54 23 
25 2 0 30 
27 3 
52 58 6 52 41 14 17 
61 62 
33 1 6 
37 33 39 40 13 13 36 
71 7 
33 28 5 33 36 7 
61 9 12 21 
37 8 33 
69 9 20 
88 13 
32 31 9 20 36 51 
78 37 48 38 
38 9 4 8 39 
35 11 37 34 
88 28 
91 93 
51 
53 12 14 66 11 
35 15 43 
72 11 
57 32 56 57 
93 
63 17 
33 32 64 32 
68 18 22 73 60 
26 22 1 20 30 
52 1 27 19 
44 43 41 13 42 
30 30 2 2 44 
38 39 53 37 6 
52 56 43 11 34 
30 
48 45 30 44 
26 
24 
47 13 33 18 18 44 36 
42 16 37 24 5 
30 62 32 58 
52 32 59 8 
59 22 
69 25 35 4 66 26 13 
91 72 
93 17 
29 20 31 30 
55 56 
31 32 35 32 
19 
31 30 57 14 
51 52 47 26 28 
36 33 26 9 9 
33 3 
59 60 
72 11 
31 0 28 16 
40 42 41 12 4 
79 24 
27 3 36 
53 54 
33 
38 26 9 0 35 
39 5 11 7 
44 
38 41 39 8 
43 5 48 4 65 
18 
48 
55 10 1 51 60 12 3 
46 16 29 14 50 
46 12 25 18 
42 46 9 39 
32 3 29 
58 27 
28 56 26 53 
39 
19 
71 4 
44 74 31 5 
63 21 58 38 
39 4 1 30 41 5 36 
19 
47 50 32 38 13 
32 59 42 20 
40 39 43 10 
45 2 21 24 
67 29 35 7 22 
42 15 41 11 
45 17 45 5 9 5 44 
29 55 65 24 1 
54 68 18 
57 1 61 0 
63 55 37 47 63 
57 51 18 0 55 16 6 
42 
36 
33 33 0 27 
27 30 29 46 
43 25 36 42 
43 12 12 41 
51 
28 25 28 52 
99 74 
74 47 17 0 11 39 8 
36 36 1 33 
35 39 37 8 
69 45 38 11 36 
32 32 3 15 3 
43 15 23 24 
28 32 19 8 31 
39 
57 15 62 58 
47 69 
52 
57 23 57 44 
36 7 36 10 11 
54 51 22 51 27 
25 26 1 27 
49 
68 6 
50 54 3 6 10 
47 12 
22 22 
36 
63 9 
53 25 16 50 42 
62 60 63 6 
27 28 25 26 45 24 0 
42 8 16 14 28 
45 24 36 8 
45 44 
40 
25 35 14 30 30 
39 39 4 15 41 
93 
32 28 4 11 21 30 
42 16 49 34 
87 14 11 15 11 
62 13 33 31 58 
52 25 52 50 
52 26 52 
45 46 50 44 
52 47 23 45 
30 2 27 33 34 
50 20 52 17 
95 15 
39 3 34 3 16 12 39 
34 20 1 32 27 27 40 
27 31 25 1 
32 4 45 0 
28 33 26 4 48 
66 31 41 
31 33 
61 5 61 33 
51 71 
94 
28 28 
34 34 3 12 10 
38 10 26 16 3 
39 11 37 43 
41 6 20 2 
54 57 31 39 52 
35 38 4 2 
48 
30 7 2 63 34 
36 
34 0 34 0 25 
52 
40 19 36 6 
55 59 
54 34 27 23 21 
27 23 14 31 28 0 
43 12 26 13 5 
60 66 51 25 
38 14 4 38 
46 19 
72 3 
33 61 36 6 33 
40 3 35 12 38 
30 31 30 32 15 
93 75 14 48 
72 41 
59 
43 42 16 4 5 
19 26 20 21 
56 50 
95 16 14 49 74 
24 23 
45 5 
43 41 43 8 
60 3 65 24 62 8 39 
36 42 43 20 4 39 
46 15 47 49 7 8 
64 68 63 62 
35 13 5 41 14 16 
43 
88 65 
21 12 23 46 
40 2 17 12 
42 43 45 19 47 13 
32 32 61 34 37 37 
47 31 14 48 
22 
33 39 31 33 47 
36 26 2 43 3 1 
40 39 5 10 2 
35 30 18 39 41 
42 44 31 38 7 
39 10 10 6 8 4 45 
40 7 18 16 
70 35 
61 59 
47 26 17 49 
26 33 4 3 54 61 
18 
40 9 
53 
90 
51 19 
63 7 24 
33 37 32 35 2 22 17 
49 30 28 34 45 17 10 
38 23 4 39 12 
39 11 7 43 5 
37 12 10 18 
21 22 19 
68 33 
35 5 5 20 9 
74 70 
71 6 
34 6 31 36 0 17 39 
47 24 9 
84 28 16 69 
56 45 63 32 51 29 60 
70 70 
50 52 7 52 
39 32 43 33 38 
25 
24 23 
43 85 31 41 
37 38 
60 5 
64 62 
45 
40 6 41 12 6 
97 39 
40 
89 8 
55 17 4 59 
50 4 52 3 57 
47 16 20 35 
42 34 44 5 
21 26 20 15 48 
46 14 
51 10 73 53 53 
66 41 
44 46 15 31 
44 20 41 28 
39 30 9 0 
52 25 8 51 57 
44 28 10 18 8 
65 
38 3 4 6 39 
30 30 1 30 
67 26 
34 
45 45 1 47 
51 24 55 29 
49 20 20 52 44 
32 1 33 0 24 35 
20 25 52 44 47 
46 18 14 33 6 24 45 
60 25 64 63 
69 58 
39 10 4 36 1 
58 
40 10 41 32 1 
33 55 4 32 
54 
37 11 3 12 
61 
68 71 
41 40 6 16 5 37 
43 42 9 14 10 11 
75 
56 57 26 29 
24 21 54 
93 49 
49 31 47 7 13 12 47 
30 
35 61 33 
35 1 9 14 
20 28 9 23 19 
40 45 5 39 
59 22 
57 28 
21 19 25 23 51 27 16 
60 0 55 63 
37 39 8 46 3 38 
45 48 13 15 49 
69 2 
40 39 5 15 
58 20 48 
34 
36 3 43 36 19 
28 30 5 5 54 
59 60 64 13 58 
45 28 14 47 
27 
32 65 29 27 33 
33 
24 16 15 22 20 2 23 
77 14 
59 21 23 15 
65 31 
41 41 9 29 23 16 
70 89 72 30 73 
45 41 22 10 
47 21 2 21 14 
35 16 38 35 
65 
33 32 31 
51 29 46 18 39 32 13 
61 1 
80 11 25 48 15 
40 42 27 
22 47 23 24 
24 
31 2 2 24 
49 17 49 8 49 
61 
30 0 0 32 7 
99 84 
49 39 69 49 
69 34 37 59 33 
45 17 47 6 
37 37 35 7 37 
46 27 
34 45 23 
56 1 
41 36 14 4 
34 38 28 0 
52 12 13 17 
84 92 
65 
38 36 33 1 
30 1 9 0 13 5 33 
32 31 5 1 
33 4 1 28 9 30 
30 11 32 3 26 12 
64 61 
48 19 63 46 
71 54 
35 
25 23 50 25 22 30 
63 25 17 61 59 
36 4 10 36 
42 
31 26 45 12 
44 63 7 51 40 
38 35 9 38 
59 31 
34 55 45 31 
30 34 36 33 33 
49 12 27 46 
39 36 0 65 7 
39 4 2 36 
26 23 27 20 30 
44 6 35 10 8 36 17 
41 12 10 14 37 
32 30 32 
58 24 
37 21 30 
28 55 27 12 
37 19 14 46 
41 24 40 16 49 8 
55 2 30 5 27 
47 33 6 24 13 45 
63 34 9 34 
31 1 35 3 
18 37 17 42 43 
32 31 34 26 
38 37 15 11 
50 52 53 14 49 
25 31 46 
46 50 49 18 14 
51 50 52 58 
40 17 18 38 0 
38 5 12 2 5 
36 10 30 35 
89 
26 5 34 
50 
38 44 71 17 26 1 
28 57 23 27 
39 36 2 7 10 
63 
24 21 47 
37 36 6 15 
47 
24 
44 42 43 7 44 
49 25 4 25 24 
39 37 34 0 11 
24 0 16 
34 10 2 16 
44 31 5 43 15 40 5 
42 9 41 34 6 63 34 
48 22 0 32 
40 38 38 
35 37 4 0 
53 18 52 3 60 8 
51 
27 
72 
43 43 6 8 
51 51 45 21 
36 5 34 15 10 6 12 
67 30 69 40 60 
20 25 64 30 20 
42 43 10 19 
59 9 61 
55 20 18 7 
33 9 35 7 
33 
46 44 7 16 38 48 2 
29 28 
23 1 20 14 
60 62 
75 23 
75 45 
69 26 
31 
20 
34 34 8 32 
39 40 5 7 8 
30 7 30 
38 5 38 8 
49 48 55 34 
57 1 7 54 25 0 34 
39 66 5 12 
61 15 
61 0 44 33 
41 13 12 12 
45 62 8 31 4 13 26 
80 42 
42 
63 
90 42 
54 15 14 29 4 
31 32 5 
42 1 4 40 
66 
45 37 13 24 
68 
26 31 4 
50 53 55 21 41 
37 21 11 6 8 
54 25 
20 
39 41 14 7 30 
48 5 30 23 43 
58 49 
59 55 46 48 21 
29 25 
49 25 10 28 
29 2 20 
48 39 46 12 
18 
36 37 3 35 3 
22 42 1 1 
38 36 14 7 33 
54 50 54 52 
46 49 56 5 23 
67 
47 7 50 39 
88 50 
32 
46 21 0 10 49 
48 22 41 21 
54 5 59 55 16 
60 44 42 26 64 35 
41 8 21 15 17 3 42 
43 39 32 1 
52 53 30 31 52 
34 4 30 5 33 
54 
22 29 8 44 23 
65 69 
31 30 38 8 
55 7 27 2 15 6 48 
94 21 
48 12 14 7 13 
22 51 27 17 
48 
69 5 24 58 
33 40 32 
46 16 48 19 16 14 30 
51 51 
42 9 9 42 5 
27 21 30 26 
74 35 
44 8 41 4 
19 28 42 14 
43 42 71 9 44 38 41 
51 52 53 4 28 
62 5 38 34 41 13 
44 44 34 43 68 
47 9 18 49 
46 52 32 62 
51 30 
52 45 8 17 
55 58 
54 
60 3 
60 5 
48 26 3 57 
42 10 5 34 44 
27 11 
61 
35 36 7 34 37 
72 66 17 34 1 
59 21 29 63 18 58 
49 48 49 27 
68 0 
54 48 9 48 24 
32 8 8 35 2 1 
40 10 12 25 
47 49 2 39 
65 49 
71 75 
45 12 49 44 
48 11 48 10 51 48 
49 45 15 47 48 50 
60 36 59 51 
29 
53 
75 41 27 95 
46 54 11 44 
47 49 4 50 15 
21 23 56 29 
64 60 50 
25 27 19 
52 
52 25 6 
54 28 21 1 12 52 18 
35 6 9 93 40 2 12 
51 10 
41 43 19 35 19 
44 21 44 20 
21 
28 27 
66 68 31 52 
34 35 4 32 
40 
50 4 50 21 
57 19 
60 29 20 
63 12 38 60 
63 
38 37 3 35 
91 30 
61 62 54 28 65 62 40 
24 
51 12 5 
50 0 19 1 0 
49 46 50 16 
47 44 16 6 15 
57 50 21 32 
49 51 40 49 20 
45 46 45 48 5 
55 
43 8 23 49 
38 37 5 0 
43 36 12 64 23 
34 6 3 22 
48 46 23 15 
49 22 5 45 
61 28 13 67 
25 25 28 28 31 24 4 
66 40 59 
44 12 53 10 
66 29 
67 46 35 21 18 
33 31 33 34 5 
27 51 
25 28 47 
38 8 9 1 6 
39 
48 42 39 45 
48 25 47 13 
39 40 39 40 
34 5 27 29 
28 26 
49 47 43 24 
66 32 
41 68 20 6 
40 10 5 42 
37 30 18 10 
51 
52 4 48 18 20 
60 36 19 
42 7 
43 14 10 23 
49 16 22 32 11 
54 30 0 50 50 
49 13 47 2 
64 
36 32 40 15 40 7 62 
26 1 27 27 
51 27 29 23 
47 58 20 47 
45 5 42 12 
44 27 43 23 16 15 
26 
39 
40 
46 48 29 20 15 52 19 
63 43 
92 17 
91 16 45 7 3 72 
39 4 1 
32 27 
56 13 33 
56 24 62 57 59 
52 53 28 54 53 
52 17 53 54 18 
30 8 33 33 2 
46 43 44 2 16 
57 33 25 56 49 
68 33 
71 4 
31 32 31 39 33 
54 52 50 48 
34 12 10 
50 
37 14 43 38 40 
61 22 
63 22 25 10 
44 5 39 10 
57 52 
43 
20 23 51 45 
30 36 
72 34 
26 20 28 25 1 
43 17 41 40 
65 59 64 12 66 
26 29 
46 2 50 47 
59 24 
42 17 29 8 
46 45 2 33 10 15 
48 40 24 14 
27 0 25 27 
66 42 68 35 
36 34 38 29 8 13 
69 
37 4 37 4 
41 4 11 33 
25 21 25 25 25 
60 
50 23 51 2 
26 27 27 53 5 
23 23 
41 44 45 16 
33 1 7 30 31 9 32 
59 9 53 28 27 7 0 
49 18 19 21 15 43 49 
49 18 
68 4 
69 3 
28 30 2 6 
30 
62 
38 12 36 37 37 
55 53 58 23 
67 66 
50 26 
48 22 43 53 48 
82 11 
60 20 
26 27 26 1 
48 9 19 12 20 
99 57 52 16 10 
57 53 55 23 
52 6 30 1 
64 56 62 55 26 
54 48 44 11 
62 63 
35 35 13 11 
56 59 
72 
38 8 9 35 13 
47 50 19 47 4 
27 
62 28 11 8 
41 18 4 
51 15 28 
62 67 
38 8 19 7 37 
27 25 49 29 23 58 27 
41 32 5 0 
46 29 12 61 19 
90 30 
68 12 
52 26 9 54 
66 5 
62 32 11 59 
34 12 0 8 5 57 30 
74 74 
38 0 3 39 10 
59 31 56 
64 30 60 13 
49 21 47 
34 3 28 58 
42 12 43 17 17 41 8 
44 37 
28 0 0 26 32 
46 15 25 16 45 50 
44 4 2 24 9 
42 32 14 12 8 
65 38 27 48 35 
40 46 20 
40 14 35 40 
46 9 54 1 
47 4 47 14 48 34 49 
53 43 
49 17 46 9 
39 36 6 41 37 
30 14 4 36 28 
22 
47 46 59 26 11 
71 30 28 74 
64 65 62 65 
65 17 
64 
95 80 79 21 40 30 27 
38 7 9 17 6 44 3 
37 27 4 36 43 8 5 
41 44 
53 48 6 13 
52 27 
49 15 33 20 25 46 
35 7 15 16 
35 38 13 
39 44 38 15 9 
58 39 9 14 
34 64 
48 39 25 42 2 47 17 
46 7 19 29 50 17 51 
74 
41 10 41 41 43 
21 31 1 19 44 
32 6 36 32 32 
79 10 
24 
49 46 43 10 51 
47 21 51 19 21 
53 0 11 25 
47 18 32 46 17 
33 9 1 
44 17 43 14 
85 73 
43 25 31 6 23 
46 16 55 21 
23 26 
51 0 46 
40 30 42 42 
54 53 19 16 51 
36 35 13 5 
53 14 16 41 43 
33 31 1 7 
54 25 52 53 26 
64 
57 55 
84 3 12 47 
63 73 2 57 
35 26 33 34 28 
50 26 53 13 
37 12 37 35 29 
56 56 59 
32 33 34 33 
59 57 
43 16 51 62 44 
86 
90 36 
37 36 10 34 17 37 9 
32 
25 31 
62 56 27 36 
35 9 6 
53 
27 29 0 
22 22 22 48 
38 
44 7 1 3 39 
43 28 44 3 9 42 9 
36 
48 55 19 45 
53 6 53 5 20 
52 25 
58 31 
32 6 
52 33 24 27 
75 72 
47 15 15 20 
41 37 42 11 13 
30 
18 
33 15 6 34 
43 13 1 44 6 
35 6 15 37 12 
20 
47 46 22 44 17 
43 18 13 11 41 9 
54 8 7 42 
25 28 31 34 27 27 
25 5 
37 11 14 41 39 2 
21 54 21 
23 
70 16 72 44 
41 
76 64 
55 59 12 28 1 
20 25 
36 11 35 30 
65 60 3 
60 28 
63 
43 16 11 43 
35 4 4 38 19 32 35 
38 13 25 0 
37 35 17 10 36 
37 42 36 5 27 
38 12 29 10 37 16 7 
83 37 
42 41 15 44 2 
74 38 
48 
73 13 66 28 
28 29 28 
42 18 
36 2 10 9 
34 7 5 32 
28 23 27 30 29 
46 19 19 8 
37 37 39 37 33 14 11 
90 
22 4 2 
49 21 5 24 46 48 36 
64 28 
34 1 25 31 31 6 
58 0 29 17 58 59 64 
38 29 3 9 
56 6 
54 18 10 26 58 
44 41 
28 53 29 28 26 
70 27 
38 
59 50 
32 34 3 30 30 1 0 
62 
54 51 26 
36 9 53 39 
31 0 
42 19 29 34 8 
48 79 74 73 
57 17 57 62 27 23 
38 39 8 36 10 
38 41 35 40 35 48 40 
53 58 16 14 
25 4 
46 45 18 14 43 
27 
92 55 
42 13 43 
75 91 
28 30 65 26 
53 36 20 23 
34 33 7 12 
31 8 5 9 
43 48 7 29 38 
41 1 48 44 
34 2 31 34 
64 20 
88 
62 
25 
62 
79 15 
31 29 10 0 
38 46 39 11 41 
50 10 0 29 50 
43 43 49 9 7 
55 39 25 57 35 61 50 
36 20 3 8 
45 27 23 8 47 
35 15 12 8 
52 
49 24 13 49 13 
20 
38 5 4 39 
42 29 20 29 
32 28 30 35 6 
21 17 17 21 
54 23 20 53 
31 7 6 25 
61 4 
99 48 
64 23 61 70 
39 12 10 0 
52 16 15 
69 
97 15 
33 31 6 35 38 
32 21 43 34 
53 28 48 
39 
46 20 
62 7 54 
47 15 94 42 
33 28 33 
64 64 9 23 1 47 
37 39 9 10 5 
33 33 30 6 
67 
29 32 25 26 3 
28 30 53 
48 53 47 46 0 
45 13 47 27 26 
56 4 24 44 
60 9 66 
72 5 
54 
71 70 
58 60 51 20 57 89 
38 7 1 9 
35 17 40 11 6 
81 41 48 13 46 
34 10 32 7 
41 26 
18 16 13 1 1 
28 
27 3 31 27 
38 39 8 42 
53 43 26 54 
42 16 33 6 4 
33 34 4 31 
56 54 59 
49 47 
32 
53 51 
33 0 6 34 34 30 7 
28 
71 68 
25 28 
54 25 0 10 16 
31 33 2 33 
64 20 
35 37 5 15 
27 
36 29 5 29 39 
29 1 41 59 
30 38 9 35 16 
63 53 58 5 63 
25 
45 4 
59 0 51 1 
34 27 31 62 
52 54 9 7 
66 32 
36 14 30 13 38 41 36 
33 31 30 15 
38 35 44 11 37 
52 15 56 21 
21 46 20 17 67 45 20 
71 
35 14 36 7 0 37 38 
53 28 26 1 
70 
36 35 4 3 
55 70 60 58 29 45 
64 
49 19 48 
32 
34 12 
50 9 24 39 3 
34 28 7 33 
98 0 13 51 47 
42 
39 3 30 0 35 7 36 
34 9 10 27 29 
37 5 7 12 38 
63 21 
27 24 28 28 26 
47 43 23 18 20 
60 4 17 63 37 
52 7 5 7 
33 
38 39 11 13 
49 15 10 57 25 7 
54 50 48 2 
55 19 
52 
60 61 14 60 
38 3 1 38 
50 6 
18 15 38 
46 15 47 47 17 
40 48 43 32 38 41 
65 67 20 45 
32 33 29 
41 24 42 41 17 34 
47 
46 41 54 49 13 
23 48 
67 10 
34 0 33 34 38 24 33 
23 19 31 20 
34 36 72 30 
60 8 10 
40 7 43 36 47 
58 29 
53 52 11 49 50 
55 
28 29 
34 
44 42 12 12 4 43 
55 69 60 
49 35 45 17 7 19 13 
32 35 0 33 10 
41 45 9 3 
31 7 51 6 
37 8 21 14 
64 69 
52 30 51 36 
18 19 13 43 
19 11 16 
47 42 42 15 
33 32 5 6 
42 7 17 20 8 40 14 
93 37 
53 27 16 43 
55 28 
42 3 14 42 35 9 7 
38 14 41 9 
49 13 
65 20 35 29 42 
52 11 29 
25 28 
42 
73 11 
63 18 64 
49 29 43 52 25 
51 28 
71 
40 11 35 30 30 21 48 
20 19 65 2 
40 11 43 14 38 
59 27 
29 26 31 8 
37 38 8 12 32 26 
47 
60 5 
41 
37 37 41 16 7 
40 18 8 37 
42 11 38 13 2 9 16 
72 6 
39 
44 14 38 17 
51 51 7 36 34 
69 37 
84 32 
42 16 14 38 13 
63 
18 
39 6 
29 32 27 
38 2 6 63 12 
50 55 5 50 52 10 51 
25 28 30 60 
57 59 17 1 27 
50 47 13 30 
99 37 72 58 48 
50 55 
35 34 0 33 2 
38 27 10 1 
39 10 7 35 
41 14 2 16 43 
49 47 46 46 
64 4 
69 58 
59 35 61 53 
59 53 59 22 7 
37 46 38 19 
68 66 
38 3 
35 10 21 6 6 
33 8 10 35 14 31 
18 14 46 14 
69 12 
36 42 9 50 
55 17 
48 16 10 
35 12 36 3 
36 17 14 36 36 
45 30 6 49 47 
18 
49 
41 41 15 10 
23 22 20 21 45 
51 26 
50 25 3 22 
71 64 3 
69 66 5 9 28 
53 27 
41 5 27 
41 35 43 12 
63 31 
31 33 42 5 26 
65 55 41 13 
19 
60 38 
61 11 
31 21 7 17 
92 32 
23 
53 29 42 54 
62 20 
37 0 9 6 35 
60 54 29 8 
69 25 5 1 14 24 
25 
48 46 48 44 
32 
37 38 9 42 3 
37 38 50 26 38 
49 8 48 48 50 
51 54 23 17 29 11 9 
45 45 7 28 15 
31 42 32 8 31 
52 20 11 59 
31 1 30 35 
34 33 31 0 33 
37 21 26 35 11 5 10 
63 5 66 44 42 32 21 
38 15 36 38 5 
40 41 43 37 9 
62 4 
53 16 21 57 
47 36 46 
34 9 0 7 4 
44 19 37 16 4 9 29 
19 19 32 50 
52 52 21 51 
52 1 53 56 
18 
62 65 
53 52 56 23 
33 3 4 13 31 12 29 
46 18 46 22 
38 1 10 12 37 8 
46 48 
34 8 30 30 2 8 8 
46 12 
37 32 13 7 8 
54 57 30 19 
41 51 22 10 
20 
41 8 9 28 
32 32 27 31 
23 
45 13 17 48 
60 15 25 63 
36 5 7 42 32 
38 39 36 
54 50 24 14 
39 9 14 39 35 
20 
54 
26 24 23 0 
56 51 
45 47 5 
49 20 30 49 
58 
45 16 17 
64 55 37 1 62 
33 31 1 32 31 
28 17 30 29 
66 7 31 41 9 23 
54 
35 39 36 37 
65 
21 26 53 
47 4 16 26 28 
48 
52 8 11 47 
39 43 
29 
49 31 3 30 
45 
49 7 57 15 
45 10 47 44 38 
99 17 
47 47 50 21 
83 
60 
49 47 44 8 
42 20 42 16 17 9 14 
42 40 3 10 45 
64 36 
32 30 12 1 
74 40 
19 
57 61 
44 1 
59 36 57 61 36 51 59 
53 
38 41 24 19 38 
36 14 35 20 
35 2 2 43 5 
62 0 60 65 32 
33 6 
46 73 44 20 19 
61 
54 50 56 59 
44 47 27 0 23 
18 24 14 14 26 
50 3 
47 16 14 17 
37 2 34 35 9 
35 39 25 4 22 8 40 
67 36 
24 19 60 31 
36 3 13 29 
56 13 
39 4 15 13 9 
62 65 38 29 0 
39 14 12 12 39 
66 69 
47 6 41 51 46 45 12 
25 51 4 30 54 
61 
96 92 
33 31 41 9 
44 40 43 44 
42 45 4 60 
38 16 9 
37 8 10 30 39 
33 6 2 37 6 32 34 
43 55 1 9 8 
27 53 20 27 
24 25 14 5 
66 
60 37 25 13 
35 30 38 37 
59 0 49 2 
73 7 
57 
54 23 15 49 19 
33 7 32 35 
27 18 2 27 
38 36 34 38 39 44 36 
40 16 4 3 
19 30 16 33 
45 45 47 21 19 
40 
32 0 25 30 
27 52 6 
50 18 50 50 
47 37 47 30 14 45 45 
44 14 18 5 17 11 
64 66 62 58 62 25 
54 24 17 47 
84 43 
19 
41 18 
18 14 15 16 
23 
36 35 5 9 53 
39 39 9 35 50 
45 19 
37 34 5 38 14 35 
35 4 12 6 3 
49 2 30 
56 57 39 20 46 31 53 
52 49 50 26 12 
66 35 
26 18 24 11 36 25 
66 0 
35 39 1 11 
42 8 23 40 
27 37 33 27 21 23 
41 10 10 64 
34 
26 
21 
43 47 36 12 0 
36 6 34 5 
41 5 8 0 
90 8 
62 33 
46 47 16 21 
59 47 54 
36 8 18 0 
55 11 31 24 28 
91 34 
19 
56 17 
92 50 
32 9 36 10 23 
20 48 
46 
46 29 12 51 
46 20 45 
27 42 54 29 
33 28 36 
24 25 30 48 
19 12 5 17 44 15 24 
65 15 10 39 68 60 
35 36 35 35 9 
30 29 
55 52 
36 1 3 3 17 13 
59 19 
51 53 23 52 
54 33 0 
34 27 13 34 
78 26 48 78 0 
25 31 47 1 
47 13 16 25 26 
48 50 17 44 47 
50 43 48 49 
55 16 46 
59 56 
54 18 43 52 
53 50 38 50 
38 45 18 8 61 37 34 
57 16 25 55 14 12 34 
75 26 89 3 6 
31 35 30 
25 28 23 45 
44 70 18 48 
43 7 43 40 
78 67 7 
56 27 56 
26 
63 27 
44 6 5 
39 38 14 40 
30 45 10 26 32 
47 2 63 8 26 
44 46 13 18 44 10 43 
18 
51 17 19 49 
56 29 10 
30 34 32 39 28 
46 
41 10 42 1 16 14 44 
46 26 26 16 
46 19 15 9 45 
48 21 58 46 
44 48 
70 
46 48 46 20 48 
20 18 21 51 
33 12 24 
35 18 34 14 11 
31 2 43 
73 16 
36 10 12 36 4 34 
53 9 32 44 
93 12 
47 11 24 46 
68 66 67 3 
61 2 12 54 52 
29 29 
97 71 
37 
34 20 0 30 
29 1 34 46 
38 
18 53 39 13 20 45 
24 52 43 47 
55 11 21 36 33 32 60 
29 28 28 28 21 24 
92 33 
73 6 
37 0 16 30 
32 15 25 34 
29 27 23 51 27 28 
50 11 54 51 4 
56 27 
38 
23 46 23 29 
95 10 
40 3 6 6 
39 6 31 30 8 
33 11 40 7 
64 65 4 62 
38 15 15 38 6 4 7 
36 7 36 31 9 
37 12 5 
73 61 
26 28 28 
35 13 8 27 
40 43 7 12 
21 20 3 28 
46 14 49 
51 27 
66 63 
57 24 23 30 18 
34 32 
70 9 96 30 71 28 47 
38 6 40 25 
39 30 42 
63 
64 64 
53 28 14 29 
29 10 
36 29 
53 21 41 22 
27 
98 
48 42 10 15 29 
35 4 38 33 33 41 
57 
68 7 22 50 
42 11 12 10 45 
82 2 50 
43 3 11 50 13 
37 8 37 38 
41 1 
58 58 
37 38 8 16 36 29 36 
54 
36 10 9 37 34 
61 66 5 
41 10 5 39 48 32 
63 19 6 61 38 42 
84 14 
71 5 44 80 
60 2 65 50 58 
49 40 51 45 54 37 14 
44 38 1 36 
47 27 46 21 
37 36 40 11 40 
54 19 48 57 4 54 
45 30 27 50 47 6 10 
52 38 6 31 18 
64 16 67 3 
51 55 53 4 23 0 55 
30 6 7 31 
82 38 
50 53 11 25 44 
97 64 
44 43 41 8 
29 
72 13 
19 17 
39 3 20 29 
19 46 56 67 17 35 9 
72 72 
40 14 39 48 39 
41 8 56 42 39 
49 37 23 30 
30 10 20 5 34 34 
52 
34 24 5 17 
38 8 52 2 37 5 1 
40 8 16 44 41 
39 13 41 7 30 
46 46 47 51 
22 
37 35 
46 50 38 4 50 
38 13 33 20 16 40 27 
36 38 36 41 
57 26 4 
42 37 28 8 
44 12 12 19 
61 55 29 
32 
48 41 51 33 10 
53 46 12 25 
37 24 33 8 38 
68 9 19 69 
47 
55 35 6 29 
47 17 47 35 8 
31 25 30 31 
27 
49 9 22 50 19 
40 38 7 36 
57 58 60 0 24 
41 41 11 33 0 
26 
45 15 20 23 23 
23 23 32 21 
39 12 
66 0 41 68 17 4 
42 9 36 42 1 
19 4 4 16 
51 17 11 53 
54 54 57 51 52 
44 
59 24 60 60 
37 0 7 39 
44 17 39 13 34 
70 20 
23 46 20 55 
42 5 33 40 13 4 
62 44 
38 7 
44 13 44 46 
39 
44 41 12 8 
65 73 3 20 68 
42 23 17 18 44 
47 42 22 16 45 9 41 
49 52 21 45 
47 
65 35 
61 
32 1 2 57 
72 
98 64 
33 32 5 8 0 
43 10 13 6 9 23 8 
45 25 32 23 42 8 25 
63 
37 1 14 14 32 
39 19 38 3 
35 17 3 15 
38 18 31 4 
19 
53 43 53 55 51 
23 
41 30 29 
45 41 46 12 45 
49 18 12 5 30 
25 24 
51 50 
18 30 44 10 
30 30 
40 5 8 1 
43 19 29 22 40 50 28 
31 32 38 34 
44 16 53 43 
45 22 14 64 46 
50 52 50 50 50 
20 
35 1 8 7 
50 14 57 
48 41 15 40 21 33 
38 41 6 
59 34 61 21 
18 
28 28 
51 24 60 
32 30 0 31 
32 0 6 42 29 
43 
67 31 
46 21 26 15 
29 
53 18 7 50 
54 12 48 51 61 
31 36 2 30 11 24 
38 33 16 43 32 
27 16 
49 16 18 49 
37 11 45 40 
53 53 20 19 18 
49 56 15 50 19 11 
54 27 12 15 23 
37 13 
51 13 2 11 60 25 19 
88 15 
57 20 7 47 58 29 
42 39 17 33 
27 0 29 26 28 
36 
60 8 41 40 
24 
35 32 37 8 
46 2 28 
46 48 62 
37 1 32 37 23 9 
42 11 27 45 10 
46 40 51 
33 14 29 0 
36 36 
42 16 44 
51 2 13 
46 23 4 12 24 
43 50 40 44 42 
25 8 41 
30 28 6 10 9 
48 20 15 21 
40 
40 43 41 45 
47 57 6 22 34 
41 41 11 17 17 
42 44 
19 
61 62 61 26 
62 9 
38 1 6 7 11 
34 23 34 34 30 26 
76 56 
48 
32 14 4 26 
53 13 16 28 
56 13 19 28 27 
53 49 7 
35 36 17 0 19 
49 9 46 46 5 
35 9 17 12 
36 38 13 12 
32 8 11 31 15 
27 26 28 46 
33 17 31 0 30 
49 22 21 6 24 18 
63 
33 33 9 4 
38 10 6 16 36 
54 52 80 50 
77 
42 16 41 13 
45 56 22 49 17 15 46 
35 8 7 11 3 11 
64 
49 49 
54 55 
19 
32 
21 
35 17 20 2 44 
60 69 61 13 
53 
32 30 34 1 
47 30 9 48 
41 14 18 12 27 
67 69 
42 15 12 48 
40 3 5 43 
41 
55 53 
35 38 0 
49 1 49 
92 40 
28 
27 5 21 
65 37 66 62 
26 30 
66 
55 70 32 49 5 
38 0 12 34 2 
33 9 4 33 
24 47 16 53 
58 19 17 14 51 8 
93 14 56 1 
66 17 
32 
56 20 19 65 28 
53 
46 17 55 46 23 47 29 
58 59 
37 2 15 9 
33 7 33 32 32 
43 2 41 27 
69 42 
80 44 
47 16 12 45 
31 31 32 30 
51 44 
38 41 11 12 
19 
60 7 2 36 1 54 17 
62 0 65 0 
53 8 26 54 59 
62 15 7 62 
31 4 
34 29 6 32 
32 28 32 30 
46 18 22 20 24 
53 
63 31 32 
53 55 31 53 6 
42 8 29 43 16 
57 
35 37 7 14 10 
41 1 8 46 
52 50 46 
33 
35 63 35 37 8 
41 5 17 11 
61 33 6 42 
62 
40 45 40 0 
68 52 
34 29 7 3 
70 
42 41 17 23 40 60 41 
54 60 48 51 
39 41 9 6 7 12 41 
35 34 11 9 31 
36 0 20 12 20 4 
46 31 4 44 
30 0 39 36 
41 42 45 
50 58 25 53 51 20 
24 17 22 26 55 21 
46 
62 26 62 57 
51 26 52 6 24 
38 31 4 33 
45 45 46 38 
52 19 61 6 9 
53 46 53 4 
58 65 5 62 32 0 
74 18 35 69 
18 
32 30 31 28 33 43 
34 63 34 27 
89 
59 14 56 26 
25 34 28 
94 
57 13 
39 16 
49 47 52 46 
66 
61 59 14 56 62 33 53 
36 25 6 41 
48 54 9 
36 38 12 36 
49 33 19 19 46 
29 54 28 
75 35 
57 40 57 32 
52 10 57 13 49 
47 7 46 20 
30 30 35 7 30 0 16 
44 29 3 50 33 
48 40 50 
35 12 9 7 
45 20 
41 7 15 32 31 34 23 
44 39 43 
41 43 42 43 
43 10 0 45 20 
36 
42 64 53 11 12 12 14 
89 57 
47 46 46 
45 40 
68 
29 22 31 0 
25 29 5 27 
52 0 52 34 0 
36 17 12 47 
74 38 63 45 12 11 29 
51 49 56 30 
63 7 54 68 25 36 
39 
47 50 6 16 95 
18 38 10 16 
26 
45 
56 6 17 57 
37 36 37 40 17 38 38 
32 26 
40 
42 13 6 61 40 
36 12 36 5 
72 48 7 32 
33 29 11 47 
44 42 12 0 52 
51 38 30 16 26 
35 1 37 42 
34 33 30 72 
55 
43 6 43 2 
65 31 41 
61 59 58 6 5 59 17 
48 16 22 23 
27 25 30 55 25 
31 4 34 3 
53 16 55 57 
29 15 2 
43 33 4 48 29 14 4 
30 29 17 0 
58 62 
27 29 5 10 26 
65 15 
72 12 
58 10 28 57 36 
26 
54 28 14 52 97 
32 3 11 13 
28 28 11 24 1 0 
40 34 11 
49 62 19 43 
52 26 4 50 25 53 8 
54 33 68 56 49 
66 66 
42 0 11 20 
31 3 34 34 9 
56 11 
38 35 46 26 
69 24 
35 16 33 7 36 
32 58 11 
69 40 
47 38 48 19 
37 
43 54 30 32 
61 8 59 69 0 
45 24 11 25 
24 
32 2 
68 13 
40 45 2 14 
33 6 
29 30 46 0 
27 21 26 30 37 16 
51 51 3 19 51 51 
58 46 
24 20 42 
49 13 44 48 32 15 47 
74 41 
22 19 18 56 
39 37 37 4 
38 37 53 11 39 
26 25 25 7 26 6 26 
31 28 23 26 1 
34 0 30 41 5 4 5 
35 17 19 4 
52 54 49 51 
32 28 31 1 
61 
60 26 24 62 66 
27 
35 41 36 12 
35 4 35 9 
30 3 5 9 15 
51 15 26 24 46 
40 41 30 40 
38 48 66 8 14 
68 18 
65 12 26 
35 37 39 28 16 
53 21 59 51 53 
31 25 36 7 31 32 
54 52 39 23 
18 
49 21 39 35 
68 65 
81 
60 5 
39 10 2 26 12 3 
35 9 2 17 42 
41 46 12 28 11 
63 41 
96 0 
58 9 
59 29 18 27 
25 30 61 54 20 
37 15 42 7 
33 6 4 26 10 0 
39 5 3 36 5 
95 49 13 13 
43 43 25 66 
50 14 55 21 29 
63 55 
67 68 
49 28 16 1 45 
63 8 
64 64 63 57 
49 56 
92 10 49 14 16 
59 53 1 
39 62 18 60 8 
50 19 9 21 16 
40 43 41 8 14 
24 14 24 50 22 
74 10 
46 56 49 46 9 
24 18 34 52 
80 6 
36 39 
38 38 38 15 
49 48 45 16 
33 32 8 31 47 
67 
33 0 6 3 
41 18 3 32 
38 41 
38 11 
61 60 25 62 66 15 57 
73 98 
32 30 11 12 5 29 
66 69 7 
34 32 8 10 
37 2 0 2 
33 32 64 3 1 
62 
33 2 12 3 
59 27 
33 29 32 37 7 61 2 
64 2 
37 24 8 28 4 
71 
37 12 29 9 
63 64 15 59 
36 7 15 17 
27 
42 37 5 46 16 
40 14 9 41 
38 11 36 
64 38 58 30 63 53 58 
54 51 1 
94 50 28 
41 2 30 46 50 
35 14 0 4 6 
36 41 38 7 40 
54 49 25 28 
55 
36 37 36 38 39 
58 26 
26 50 2 0 
59 25 
44 40 15 15 
33 5 1 39 
35 4 8 4 35 
26 51 3 24 10 
19 
53 30 6 1 31 0 
54 57 31 29 
61 4 30 7 3 61 5 
19 
39 11 40 
34 
29 30 24 1 27 
32 29 6 1 
53 
33 2 7 8 32 
28 
49 
28 26 56 3 
53 53 13 54 
48 
46 18 55 
37 30 
35 
18 
18 16 15 13 15 16 42 
45 11 0 28 
67 22 
48 
19 
26 
42 11 5 5 
42 26 2 10 30 
25 30 
67 
71 52 37 41 73 
36 14 35 13 0 
40 17 5 20 1 
37 41 3 14 
35 
40 18 
39 6 14 37 
99 43 
37 7 2 5 5 
39 1 35 13 
81 31 35 
23 
25 28 24 
29 
64 14 63 
21 22 
66 37 63 67 41 
49 18 48 
25 29 
44 48 35 6 39 
25 29 25 53 1 
52 37 55 20 
52 50 57 53 
57 19 27 19 
33 11 5 44 58 
70 60 72 17 74 
45 42 50 9 37 18 10 
29 24 
58 20 26 38 29 16 56 
29 30 31 29 26 31 59 
70 
43 24 19 20 63 
61 2 
34 
48 15 47 16 
53 
64 0 
25 16 32 56 
18 
36 0 43 40 33 
61 63 
26 
63 60 11 36 60 43 30 
26 9 8 22 
63 66 12 62 
44 70 
41 41 19 32 10 
44 17 26 28 27 
93 49 
43 42 16 31 0 
40 28 64 27 6 43 
35 5 37 38 1 11 
51 56 31 27 
20 
40 
47 45 54 21 
45 17 
27 28 57 23 26 
38 34 35 39 
65 41 
52 18 28 50 3 
29 26 27 31 
31 38 36 2 21 0 
39 2 36 9 
33 10 14 39 
71 5 
50 54 1 2 53 
24 
31 9 62 35 36 
43 
26 29 25 25 27 
32 31 
36 38 
59 5 
84 14 
74 66 
21 27 25 48 
59 29 23 28 
27 
20 45 23 
47 17 46 49 62 
57 32 16 21 
44 10 6 15 43 55 
29 7 
38 0 12 38 30 39 34 
42 18 40 13 26 
44 28 15 44 42 
59 54 10 
47 28 50 26 5 
46 46 9 5 
53 
30 33 3 33 11 
60 25 5 58 22 
42 22 43 42 
70 
52 48 15 11 48 
58 62 54 
37 53 0 8 47 
36 45 18 41 
69 65 
57 57 
47 0 30 17 
53 11 2 13 15 
41 9 41 15 
19 
50 30 58 7 
49 48 50 50 
35 6 37 53 
30 28 7 33 23 
39 
34 12 5 31 32 38 27 
57 21 61 
44 42 3 26 37 
34 30 30 
69 26 
40 13 0 16 
25 29 47 19 23 
37 11 14 5 6 
65 30 
60 64 
24 20 47 
34 32 11 32 8 30 32 
37 4 42 16 1 38 3 
40 40 26 38 47 
38 10 11 11 8 
65 62 
38 7 33 15 40 
47 2 35 
24 22 31 72 
52 
49 15 23 
48 14 13 43 
39 10 31 40 6 
39 7 28 
31 
94 
48 65 44 
48 16 5 
30 19 33 41 
59 7 15 58 
43 51 38 34 
49 20 24 17 8 
54 5 45 53 
40 40 6 11 17 
29 56 
31 12 5 15 
58 34 12 55 
39 38 
46 
38 11 3 39 
35 28 29 6 
54 
45 9 50 4 9 
28 28 27 0 
58 47 51 33 9 
51 29 52 49 
66 7 75 18 35 
20 39 19 21 
28 26 27 24 
36 28 39 
71 45 72 48 66 
84 40 36 
21 46 
40 46 15 12 
37 26 32 0 
94 
47 51 17 16 43 
45 
30 27 9 4 34 33 36 
37 
62 6 45 64 28 
57 44 
19 
47 22 18 45 
78 70 
79 42 13 50 
82 4 
34 31 36 
39 5 25 45 16 12 6 
45 1 17 39 3 
77 53 
61 5 54 67 29 
60 
41 1 41 10 15 
52 21 24 18 4 
46 19 12 28 22 
32 3 9 35 
70 64 37 43 
29 24 
64 11 33 4 33 
48 44 21 12 
52 16 3 16 
62 68 62 62 
69 25 
48 5 48 43 
23 
54 16 
47 46 26 22 
78 12 12 42 
93 
53 59 40 46 52 
36 4 20 34 
62 47 60 
24 
47 44 11 19 
35 38 14 
57 34 23 
41 4 6 53 7 
37 1 39 17 28 
48 38 15 43 
51 19 44 22 52 19 
21 
60 8 63 66 66 61 
34 26 7 30 11 
25 7 33 24 
28 27 4 6 
28 27 1 9 
35 37 35 1 
37 4 
25 33 51 25 
79 47 94 67 
26 30 2 54 
46 74 14 17 20 49 21 
99 89 51 32 47 16 41 
36 3 11 5 34 
54 49 
71 69 39 49 
36 10 9 10 39 3 
42 36 20 16 30 
54 19 28 18 50 
49 21 53 31 54 
62 
56 
44 42 34 44 
38 37 1 38 
49 37 48 58 45 19 46 
66 68 
32 1 33 1 
86 86 
50 1 48 45 7 
21 25 
29 28 28 30 
75 52 95 
40 39 39 36 22 32 40 
40 5 40 5 8 40 35 
26 26 23 31 
31 
20 26 6 23 
24 44 20 52 20 8 
98 2 
48 47 24 10 
37 3 36 7 
50 4 50 18 57 
33 2 33 4 18 32 53 
47 24 
37 4 0 36 
42 3 43 9 18 
37 42 13 4 
50 
34 37 14 
42 18 5 22 
19 
68 67 
70 32 
50 24 
68 63 
51 
39 37 7 4 5 
67 
56 19 
48 50 23 23 
36 38 12 37 
22 63 25 
54 30 10 11 26 
34 
95 
34 16 11 7 1 
49 41 49 50 
39 6 
48 31 19 
69 13 
34 4 61 37 3 
50 8 55 87 4 
39 41 36 11 
69 49 
33 29 9 30 
74 40 
39 6 35 36 33 
38 14 40 3 37 
46 25 9 22 22 51 
51 35 14 51 43 49 9 
38 39 13 0 
47 46 24 29 46 
35 0 44 20 8 
29 1 
48 49 33 46 
45 56 46 41 
37 4 13 4 38 2 36 
98 11 39 44 7 34 70 
40 6 44 38 
55 26 57 53 11 
49 13 54 51 47 26 47 
54 54 15 38 
38 36 6 47 10 28 39 
48 51 32 18 
68 41 17 68 7 
44 13 5 45 39 12 9 
30 26 31 9 
49 40 
32 8 
48 45 7 44 50 
70 4 
23 19 17 29 0 20 
48 16 15 30 22 20 
56 86 
29 55 28 0 
24 27 52 19 11 22 27 
57 30 
50 17 8 8 
42 39 5 11 41 5 
63 68 14 
60 65 
32 8 5 13 30 
47 5 21 24 
