2765 8271 7894 
2383 
4815 5925 10056 6408 2323 8034 6557 10283 
4837 7036 5671 
6226 4001 9190 9117 4603 6186 8960 4908 
5325 8071 
5613 4835 10678 4118 2984 1636 10115 10070 
1888 9948 2012 5988 9004 5483 61 8403 
9644 6340 7749 5253 10217 1877 5098 6305 7465 7342 2362 388 4409 5473 3046 3623 8711 5299 
7144 5992 
2695 5118 7028 3925 1008 
7902 5710 5093 6593 5525 7471 
3552 3593 2376 8442 
1727 4051 
7804 5121 1019 1849 7908 2654 8870 266 3513 8814 3846 6146 5553 3901 7824 6682 2156 2018 4680 1382 920 10058 3255 8134 10526 10314 
8509 2518 5385 
2229 5587 10473 
4560 9191 10154 1408 3511 2628 6782 6898 4554 6938 7097 742 4765 10390 5861 8805 6666 7321 
9352 
5743 2350 7137 9812 4512 2784 2039 8797 4304 
7599 2660 
3140 8353 905 3957 10241 6875 7061 4278 3784 10372 1320 
4667 9085 2041 
10215 6683 8055 3832 10980 10865 1212 
4372 9962 7887 3231 1630 4948 6278 3752 2981 6703 7510 8700 9211 9169 7114 10347 5777 6723 1448 8359 9881 5054 340 10984 3662 1965 4633 1936 3598 7350 10416 945 3773 727 5362 4480 8955 5658 10940 10894 4181 10089 7110 2400 800 2123 1225 7756 7943 10585 5008 6068 3113 6709 7236 2000 6012 65 3044 3813 2958 9872 7939 2774 1197 7979 500 1183 7735 1433 9233 10392 9756 10898 9765 1792 2842 8084 3449 1094 5915 8060 6205 5219 10699 5363 8896 10684 8747 4869 8961 2914 8092 9452 9724 7955 4700 9896 4693 1125 7391 2924 5981 3288 10005 4702 9286 2288 8697 8847 9053 7475 9226 9039 6862 5435 3688 8022 7132 5694 309 10249 805 950 2998 1453 3233 226 8152 9147 1818 1671 8052 8508 2134 6707 10593 7133 4435 8557 6766 1540 9250 7725 8642 7100 2539 2533 10969 4294 5879 8763 6979 4930 8397 6687 6142 8098 1997 10955 5176 118 4842 8791 211 8013 7371 166 4596 6390 4253 8542 7272 8061 2146 3342 8140 3120 3861 3153 8608 7561 7926 1359 8965 8410 9912 8178 1856 702 873 2004 10832 8621 2639 5490 5028 6344 2748 1307 7996 6075 8196 7678 2693 358 2154 6160 3448 628 7380 4337 10529 3050 300 1804 
2008 
6476 6140 
7920 1354 7957 
7279 6471 
1633 2124 3111 2698 8752 
9084 10540 6120 7793 8085 7155 10400 8367 5406 10419 1985 3570 1773 3147 2906 5003 2115 
4222 
10920 3075 3754 10486 9261 7739 6833 3159 568 818 7166 5649 4070 5780 6136 2063 3653 1785 4521 1517 6229 2337 8783 2359 5901 6519 6062 2448 2552 801 4715 10342 4466 1123 4321 9055 4144 10839 4551 10655 6348 8176 4817 10466 8043 974 4874 6124 5494 7539 3245 8499 10849 8376 10857 6381 5746 10365 7479 4290 2780 6445 252 7493 10100 5676 3377 5013 5464 9029 1521 2729 4287 5961 668 6630 4827 5839 1851 9806 2954 5317 1564 9145 5542 10304 5996 6122 8011 4087 10602 9739 4377 3505 8793 10402 1975 603 8273 106 2160 4834 9909 10834 2114 8845 9869 7557 4726 179 10384 3553 942 4091 3151 9236 1417 2415 10246 1179 2943 9165 270 8727 3208 10474 3144 5794 2493 1172 5529 2653 1746 3189 9982 6814 6880 3574 3321 6232 5341 5771 688 6639 10150 7444 9439 6512 10850 4805 6225 8058 9062 3651 5537 1279 2775 9306 1905 10020 8513 5767 2971 7234 5833 7638 5818 3890 8400 8147 3940 430 1447 9384 5753 2626 3198 6613 6641 124 3895 3303 3607 1184 7732 5635 8991 826 3220 7462 596 6138 2331 602 4956 5733 7690 1874 7674 4047 8519 10927 1631 2148 6840 2168 4322 4108 544 707 3808 7208 6680 6882 6318 3083 10996 10717 9687 9182 10462 4880 2179 7257 10581 4237 10638 10709 8745 696 1694 4095 1087 7738 6222 7778 8879 4832 1679 6393 5884 3620 6769 6890 1730 6059 6602 6756 
1620 
3116 10631 188 6143 
10027 7850 5690 10375 6343 2959 10232 4364 445 
733 8012 4318 3920 679 3551 3053 8561 9531 
1518 6472 
8766 
7501 
3799 
9610 2145 10048 5533 
1950 8142 921 2925 1330 
5058 4103 
506 2805 8411 10118 8438 4933 9595 2169 3980 
6566 8667 4389 10075 8903 5068 
1762 
6281 1758 10271 2715 
807 3108 6956 2086 10698 7307 9342 2790 3459 10113 6152 5453 7587 3128 2474 5256 4136 3655 
411 4458 
1755 2069 1669 9208 
1041 6435 
5507 
1129 938 1442 456 9338 5119 
605 8646 8648 1480 108 7224 7807 73 5128 3806 9302 6049 3692 6434 4291 8886 5408 1709 1560 1040 2193 1455 9752 9011 5437 10601 5864 982 10479 8315 5416 738 1571 545 9569 4860 8373 2033 4184 9407 9795 6181 7335 
2735 1953 8895 4384 
6738 1732 10045 
10265 9112 10408 4488 9354 9119 6362 1799 2432 1815 9280 6406 2317 5194 10635 5912 10801 3998 1596 6749 4450 1059 8252 4323 393 6446 10804 6341 4126 2927 3736 3654 2522 4274 9008 6635 816 6947 4672 1136 8179 3675 7830 5148 5523 8968 5349 5195 4902 8154 1122 5318 3699 6930 6640 3503 5721 7852 3755 5829 7896 6763 3178 4812 5632 7691 177 2410 4257 8330 9126 8531 8276 1137 6483 7032 7506 6899 5652 6293 6896 1494 8624 1854 3042 2024 5417 4575 2020 5021 9205 5999 8177 6621 2931 8987 10278 9958 23 723 8959 1915 139 3471 9334 9196 9859 4011 2231 615 7968 9362 4530 2866 10152 4008 2366 2972 9440 7033 3947 843 7076 9502 6320 9686 4675 5261 7998 4063 3338 1506 4208 9804 2703 8244 1535 9639 5432 8398 6799 2187 6407 5709 7181 4373 6736 321 4245 6055 8617 1449 6996 8203 5685 10906 10959 8467 6041 10818 8478 3878 9036 6290 
793 1901 2623 4189 5521 7521 3300 9153 7952 5245 1951 3291 4251 8584 5739 6230 9403 8709 191 2250 1689 543 7665 5309 7488 1284 7381 7816 8008 6962 3770 7503 7524 9450 5308 7485 627 9695 2163 7252 4810 3602 6240 8669 6382 10853 1047 1738 491 6967 8714 4286 2289 6788 10306 4037 1904 3946 7612 5333 3680 6574 3349 6412 8560 3299 10178 4272 3166 8721 6912 6128 6475 3608 4320 7912 2126 1419 8272 1319 9035 8201 8169 726 153 4576 6720 288 8331 192 4163 1316 3223 1397 4403 1864 6441 3523 10135 6040 2296 5213 5266 4758 9999 5611 4221 3974 7601 1363 5905 2531 1923 3506 910 9192 7910 3094 4971 2833 6961 6734 6053 235 4925 3127 3076 3888 9225 9463 2712 5569 6064 10765 5787 5857 290 4075 7058 10719 595 10706 3897 2888 4438 6508 847 6129 10912 10015 2720 10774 8298 2464 9989 8439 9755 4937 4734 9906 181 5913 9866 9530 4653 3092 9090 6595 1899 10615 10231 406 10935 7120 6563 9087 3240 10964 1984 5067 1289 7627 4563 2066 9747 1344 3969 9728 9960 8939 2429 10205 10875 8266 1532 3831 1683 4086 1578 7207 4736 6676 8466 10677 10688 1435 2125 10082 8416 9442 10163 4757 9874 9421 5113 2523 4637 3052 6285 9445 8050 6861 70 4500 7384 10514 4885 3863 2851 1737 8051 2128 861 10650 3866 1583 5493 1093 5670 6099 10406 6317 7687 2135 126 4084 2153 7689 
8389 2471 1422 9679 8877 8133 978 1375 2361 9983 301 
8168 
10610 3701 
308 782 3526 4502 
5365 10779 5573 4901 5005 4616 9961 10085 8029 10730 2349 10797 4271 2130 5198 8388 10738 10034 419 7029 1105 9116 8821 9592 2710 9722 830 3262 5415 9434 7467 2010 8035 3735 6327 8720 5809 1780 6385 5476 8018 5066 6188 2256 10845 5801 3077 4597 6282 10298 2297 4822 3121 10102 5367 1767 6333 7797 1503 1401 62 1414 4114 6922 6105 6852 2202 8866 709 5781 5689 6638 5577 10883 6141 3162 6937 433 6897 10902 8322 10739 
2268 
10106 
6520 9993 7746 2824 1259 6926 8377 631 6239 317 7375 4101 
6642 2032 9682 
7771 9786 4482 5270 10656 9121 10803 9406 2622 
9218 6830 4176 
2305 4154 
4709 6455 8305 10495 2501 357 585 8878 5252 10552 5455 2874 3314 8446 3768 8795 5586 2503 4100 9587 10204 8116 9079 2584 6419 10038 3056 
3497 10782 6082 10516 3257 777 
968 875 8391 2916 5817 8234 5177 9399 1600 2183 9517 8215 9438 5131 2127 2691 892 489 8790 1857 8518 9076 3982 8379 7734 9824 8757 5871 896 5422 2339 6299 
8809 689 
6915 3186 928 5249 10542 9283 5376 10401 94 5116 9875 2038 5204 4766 5035 6721 5775 2178 8459 8725 7750 9524 7438 3564 5688 5451 7204 965 2785 1190 8671 8114 9136 3647 
2763 611 10124 4044 10805 208 638 958 1949 
5713 4175 9320 4932 7577 2896 398 4972 1719 9243 7531 7284 7515 752 157 2140 1478 667 8454 7833 5906 5892 2677 10332 5212 3663 7059 10972 5090 5758 824 2882 9932 4673 1005 6656 3824 3739 4434 10674 8761 2428 4612 6306 6908 1171 9814 8457 2889 2773 548 3008 2968 867 6440 10682 6699 10004 7670 3971 8597 10025 8455 10938 5053 2260 
7158 4697 
4349 4793 6357 7477 
9876 7773 
4698 10114 6768 7682 244 8064 
7352 2142 10687 5815 9296 2283 477 599 10597 5911 5237 7556 6821 7048 8082 4595 7322 2840 5989 1797 5680 914 5662 5040 3549 4244 2201 4801 4508 2939 8528 443 5757 2540 676 8616 9469 9000 8335 2543 3820 853 6098 9179 5034 228 7308 1085 3454 8792 5959 8662 144 10188 4448 536 10548 76 6881 3163 6301 3583 3638 1366 3996 3265 2684 8366 7164 10315 653 5001 10258 2572 1931 8000 7849 4952 10847 1487 4681 7054 6134 10946 9856 1431 2219 8173 2754 1962 7924 7586 3919 7192 3740 7291 6261 6169 3852 7871 717 1870 7841 7225 8346 10943 10174 9007 10645 9614 503 7026 7787 3118 4623 8651 7518 590 9124 3310 4279 2290 8256 531 7994 1026 9466 7227 3282 802 8120 9609 9361 5199 2512 1497 9561 8708 4870 9582 7575 4892 2880 6887 7525 1303 9329 9612 4375 8470 2306 4489 1866 4365 6066 2894 9640 6275 302 117 984 8926 1789 352 8849 1017 158 9850 10750 7633 8407 7439 6989 6185 2070 8148 4743 10776 8585 2059 907 8153 6918 4604 2267 8758 6050 10286 6423 2629 10208 7550 4785 4467 9591 9901 6218 10011 1475 8441 10078 4984 4433 3932 3686 10073 8491 9415 1750 2208 7584 2409 4798 6029 2769 3510 4960 5735 5482 4945 6117 2240 10815 2263 6620 9014 10629 613 979 3546 7218 2930 3665 5900 2147 8417 7686 364 2206 1349 6410 5141 3235 6411 10515 10230 9754 3708 8717 9802 7460 10128 3319 3181 304 4383 8482 946 6626 5955 7004 3305 1765 5945 9010 9325 2420 4170 7121 7537 10961 10138 7150 375 233 6741 7962 4330 9680 4993 8570 4225 7881 502 5338 9388 4311 5583 2759 1135 7472 5430 4904 5869 318 2423 5072 2796 10195 4481 2436 501 3196 4627 7090 4413 2468 8136 8009 9131 3856 5465 737 1699 9287 7932 10327 584 6298 3892 10226 5314 1807 8712 220 8469 225 396 1068 9986 6670 8990 6870 10001 5966 3294 9475 2869 2750 8933 9664 4590 9548 4598 3955 4862 8205 5732 6737 9995 5645 3923 2592 5268 1862 3937 2438 705 1124 6070 9558 7136 8773 6675 7374 8068 2103 3124 10867 5625 8611 6974 6204 10353 7283 3445 5289 5673 5908 10281 570 2749 10268 10019 2099 1274 3976 2553 5994 7443 1787 10014 22 3936 7021 5788 10093 4605 2798 4113 5101 7882 6831 7879 7267 773 9335 8977 74 789 4195 7993 10411 7233 4417 4853 1464 6380 4710 1668 10368 5684 3887 5582 5804 579 9997 5171 8568 6551 3481 6541 7821 5263 5100 6460 7880 8871 7015 10949 6101 3563 7030 7140 7079 4028 4572 8209 1988 6077 3703 10887 8065 5726 10385 10337 8994 3218 260 5404 8080 4541 4188 3275 6542 310 2525 575 9482 1696 4150 8953 8952 960 6193 6592 3995 2992 2072 4449 6665 10761 2481 8337 7582 64 7890 6224 10210 7718 10640 5792 2717 6442 4062 2345 5849 8859 2492 6212 8003 1701 8634 4504 3087 7566 10373 6867 7683 6284 1429 3833 6731 5016 4619 7788 9933 1629 8890 2577 4473 2172 2367 4773 172 6063 5211 9748 7802 8483 1002 9762 1612 9674 390 4661 4600 2254 412 1508 4317 4824 2122 10904 6713 10054 9172 5029 2382 3542 4565 6570 2247 1873 5831 1957 1031 7829 10316 2757 3384 9656 9451 10377 10418 2678 1310 5496 2505 6486 9858 5414 751 2456 614 1434 2454 9992 1893 4089 3078 10525 5057 7698 277 2311 10785 10206 7772 7259 5355 423 1148 3026 8967 
2642 1665 9815 9710 2627 2325 1603 8318 5914 4350 3881 2814 1681 8041 7053 10726 4034 6955 4306 1582 3961 3204 8578 7959 897 2164 925 2867 5872 2989 9899 4096 7544 6783 9908 2965 3368 482 1167 6586 703 6940 5865 1468 8852 6772 754 5518 6349 775 2807 2821 756 215 8005 4149 10590 8372 7125 811 750 9330 5269 710 3822 2829 10907 4642 898 280 4579 5222 1266 2459 10445 7551 4042 2299 10588 3421 4641 1367 1121 5803 6246 9534 10336 8837 8094 5855 1006 3902 10091 4631 7441 3067 8862 9711 3649 806 382 3967 9295 7660 4357 5987 1265 143 8243 7819 2740 2745 5217 2656 944 8726 6342 7124 4831 4025 3036 9723 8240 4553 9658 6760 1822 1601 9613 1166 4823 7724 796 8823 4313 4750 9545 9030 1918 3791 10931 6365 3821 7422 10291 2384 10549 9060 9501 3209 38 6992 4309 951 4518 1035 9459 1892 7397 4886 5133 5055 6691 9043 2823 7740 8981 3057 1095 2694 9271 729 6187 2334 792 7433 8979 4308 8073 2104 4840 9048 3764 7294 2920 3467 2155 8020 9873 1556 9372 3295 1451 8842 4167 372 10708 4338 7151 4060 7815 3268 484 5982 6263 5197 2132 9198 5520 2963 9575 4430 4799 10076 1777 9092 9033 6021 2190 1795 7278 2113 9927 10157 6759 5231 6973 189 155 3891 582 3660 239 1338 8668 9020 9068 7917 10683 10870 3910 7529 3453 8406 1588 1118 7031 2950 7081 4684 1459 7930 145 6623 5607 9717 3372 2542 870 1061 4556 10191 1301 1406 8659 10936 3074 2343 3479 2683 5460 7594 4744 8445 10431 8393 3559 6102 1891 3086 10900 3038 5609 1658 7165 1112 4131 4669 3939 9546 2921 8321 8911 9309 2976 4802 9279 580 2872 1237 6051 486 3668 3544 7423 5766 7653 2480 10068 1111 6913 3672 3724 1563 6753 3702 6175 9634 9122 9173 8463 2791 373 7448 7139 8231 829 7010 2521 9491 10810 864 4327 7221 4685 8453 7323 10713 9599 2581 8015 6359 5990 4826 7449 8522 5319 8497 3138 3984 272 6019 5039 9841 6000 10407 9734 893 10910 9292 8876 4900 6825 4676 8233 4783 5292 8743 6266 9270 8002 3766 5723 9668 10886 5696 6975 1706 9662 3378 962 461 10454 5207 10467 7885 8820 1195 2017 1324 8910 7160 850 9839 6960 2356 8452 5628 4292 1198 9214 6011 10270 2280 4006 4355 386 5704 2741 10257 2025 10108 8281 6554 10733 7003 7400 3446 7580 2910 6510 7628 6155 4074 6646 2223 694 4116 10239 10395 3433 297 4169 670 3025 10098 1969 8310 5821 3893 3089 4943 8295 9522 10043 5107 8432 2083 5037 7911 8816 6895 2679 7200 3676 9051 10830 427 4305 3426 9293 1302 6368 4774 2167 10201 6746 10775 72 5452 743 3981 8239 6539 2488 3883 1654 9827 5409 7984 6785 4999 6752 1837 7644 8548 4429 5399 7538 3179 2702 9162 2170 7679 4334 5530 1768 10973 4878 3072 6755 7868 2687 691 3225 10065 4341 4240 7009 1456 1364 4410 7888 7141 1743 2934 2800 3681 4196 4463 1144 10829 9209 5902 6776 7353 972 3146 5970 6364 1007 7635 5623 5095 3763 6654 
8170 
1294 3805 8949 1879 1146 9484 5595 7274 10417 3272 428 778 1043 6283 2253 268 7567 4511 255 9938 10483 7369 8031 5206 4559 8230 3499 4778 6046 8139 1143 6139 4515 9248 6093 1176 5738 1457 1608 10501 5297 3388 10105 1329 7117 5995 10432 746 1361 1351 2019 9005 10301 8807 4248 86 9860 9764 1231 459 10583 4689 5328 7293 7873 9551 7977 7878 10139 8449 1153 4035 4745 400 3617 4129 2982 6966 2700 6771 10235 6924 8599 2021 1501 2092 9356 1412 5737 4548 9689 5842 4781 7340 10534 8326 4371 9985 3991 10843 10029 3129 8974 8409 4532 5598 6048 4497 4857 9937 7549 8063 2485 9125 1981 8089 4397 8574 3315 8887 1027 10642 3357 8581 7 10133 9312 8927 1800 7999 4894 559 8102 1577 2437 1586 5854 6028 6730 2610 2377 5605 9705 28 5888 3490 5875 5074 1672 10608 8875 3413 7454 1203 6069 10296 10505 2513 7484 8468 674 10074 5458 4907 650 92 3360 2884 2396 1816 10219 10659 1902 876 4954 8770 4770 3941 4761 5782 7997 10586 561 7344 5077 4031 6 7366 379 8229 7641 4620 7533 5390 8180 1331 8855 1913 5306 621 10151 4958 3158 9409 5421 2682 4301 1731 6649 5740 7610 8402 1371 6781 7024 3965 912 9448 7072 33 2097 4477 2353 10748 2329 5508 2408 2265 9760 558 10145 6249 10111 6259 6234 8285 6006 3601 4708 10851 6083 1272 7637 10877 1241 5939 6469 1534 10714 623 7803 5824 926 2699 2043 6183 767 10792 384 2242 5316 3916 9552 812 6270 6900 3493 714 6850 9685 5146 6968 5164 5239 3311 866 7389 10194 6643 3361 294 4996 2336 8075 7314 8707 8831 2831 8211 10109 2027 6994 167 8254 10837 9801 4665 8632 4004 6945 8787 1624 2779 1828 1287 4190 3487 9241 4615 5654 2550 2403 8235 5275 6650 4557 3535 964 3502 8966 5102 1436 415 5240 5353 1415 3093 422 4656 1486 2506 6983 5059 6997 4461 98 1921 2852 4027 9819 3524 6354 10813 6764 8921 9633 9492 6664 4242 9826 7792 9488 416 647 4400 7904 3081 10499 2107 10762 4328 9893 3172 2547 5820 799 3507 5646 7251 1721 1309 5106 4005 2065 3472 10570 3512 130 3430 3685 9570 5942 6203 1910 3802 7856 5889 4026 5180 371 1998 2028 4249 5462 8856 2116 2510 9111 4354 7483 285 1974 7786 2634 6951 2783 1001 9398 5853 4991 3798 2739 4390 8155 9691 7203 6801 8350 5899 2697 6295 895 5395 8121 3451 8863 1393 6971 3456 2980 57 2030 7861 8311 4247 1839 2650 1529 6916 8182 8827 8425 481 5032 3964 8357 695 6672 6257 644 5393 3727 5446 10903 7604 7618 9792 4866 7180 5797 10326 5413 6762 10735 4934 8746 3646 6329 1995 32 6330 7306 4927 6227 7175 5358 7017 6397 988 9541 249 1955 1628 3241 2935 5418 797 3457 9143 5615 10096 4985 4957 10861 2517 604 5491 3667 5750 9257 7944 7157 2236 9094 10386 2816 1566 1010 5560 785 10694 154 5816 8251 5568 4714 2744 10435 7357 10260 8552 8131 4916 3618 9973 1994 5950 120 6817 9031 522 197 1832 4088 8963 3625 2756 10551 2945 9235 6822 1437 3029 4398 9012 3175 5370 10835 6700 7684 394 2357 8858 673 1859 10420 2499 4213 180 5806 6114 10457 8782 4393 8258 3002 6289 8907 9383 7774 8283 954 1391 2457 10872 250 529 1261 8999 4000 1811 8915 3399 7656 1880 6331 10639 6998 4929 10136 8001 9070 315 5183 7451 1439 9017 7191 10691 4571 6228 7107 231 551 1682 10110 1514 8104 4018 7159 10864 5015 8451 507 1536 1680 2098 5951 4819 8430 7429 10942 10370 8970 7019 7255 3434 8119 
4721 9515 918 1073 4988 5935 2690 4269 8111 3767 2738 10657 2452 7790 5096 6533 5439 1516 1584 5745 2509 2291 
8265 6154 
289 6879 2249 
3509 6770 
5215 1567 1634 5027 483 10229 9314 4326 4239 
451 1205 9650 6722 
247 1912 10366 3465 9757 2421 9709 5262 1358 3868 3488 2643 
6433 758 9021 5438 
4452 1513 4602 3907 7387 1622 6866 4923 9485 10841 3316 326 3157 3464 4982 9837 6988 3769 8986 1550 5567 8207 966 
6950 4890 3354 6164 5534 10617 8918 5470 1424 5501 2363 6429 9102 3656 2009 10741 9809 
2209 
9417 7219 6067 10697 
3109 6791 6081 528 2728 1211 9877 8476 1283 
1790 1285 
6552 7801 8164 243 
619 4329 5250 
2207 10860 10653 780 4666 2222 
10123 9389 1336 7265 2404 447 8477 4401 10273 10356 976 833 
313 
5372 4662 1110 1821 10470 10995 3629 1169 9556 6337 9319 10211 7359 3365 2574 5291 8017 7579 3519 5162 10189 10873 3884 3251 10510 4146 1930 6213 2598 6546 10351 10858 2426 1411 2802 5276 552 7574 10294 686 9242 3160 7922 
9400 10041 
9942 
2071 8282 8257 8992 4050 5759 9387 9337 1145 6379 1562 9222 5749 4264 3796 6370 10475 4056 4362 5599 3539 4611 1932 8592 7089 7504 4754 1291 3410 6633 9797 1561 4899 7583 5858 8016 9675 2875 762 78 9357 6933 10998 10646 202 1704 2721 1502 7205 5647 2431 8539 3137 8919 5962 6747 360 3782 6751 2637 1253 5423 2848 2335 1702 8755 3489 4896 5147 7351 9638 2903 9620 7222 1944 8765 9343 6492 8609 2044 10190 2051 3565 9150 6296 5495 787 511 10052 389 3997 7235 1472 9300 3450 8437 825 3631 3988 7356 1935 9742 4209 4845 7093 7651 2556 9028 2797 3224 2056 2604 10452 3843 10963 1759 10168 10055 52 2613 135 26 6868 27 8956 564 7147 6477 10021 675 3084 1127 6321 3938 9704 7848 4752 10707 3394 324 3643 1199 8555 504 6466 5614 6923 992 4427 1867 4523 6594 5835 3707 6313 2387 199 6126 5976 10911 2045 3336 2085 3149 5302 5243 1977 1714 6786 6970 3236 9666 10555 5336 2064 8500 2711 6499 5340 5189 3999 397 8062 1991 10338 10383 8384 1327 3370 261 6421 4486 9657 5756 10675 827 9160 10545 6456 
9285 1569 5650 7834 2818 930 1315 5050 1908 8431 6986 2620 2923 3683 218 7417 980 7456 5012 4795 3648 3035 9690 2601 5546 6651 4391 405 9696 10099 10302 9950 5845 4415 328 9553 4124 7923 10492 1554 9667 1883 2478 10415 
9568 1492 8883 
3193 1189 10331 6402 4872 1525 9289 5799 
9503 
7393 9275 4787 9385 
9363 10233 3332 8545 
2899 
10126 5022 1025 
7305 5617 
5904 9161 4639 
1365 9042 5943 4941 8635 10266 
8650 10603 9870 8769 7629 9065 
7037 8950 
264 7808 10676 5024 2321 6718 1897 7590 
8781 3252 
2922 5515 240 2487 2854 8074 4275 8033 6255 7693 3809 7497 8309 
2560 460 6416 4547 6813 2705 
899 9166 11 3301 
5000 2217 6658 
2707 
3860 1614 
3419 5946 3904 
4168 5874 9731 4584 4407 3953 1438 8286 2078 10448 3877 3970 9353 
2607 10358 5557 4140 7134 291 8657 2200 4635 
4701 3733 4760 8640 2386 10621 1710 2077 5928 8861 3324 10628 6309 10644 6189 
6376 298 3185 
7196 9547 10919 9611 
2873 7960 8046 2158 5769 7328 5388 1075 5890 9659 9273 5748 137 8693 6208 7609 
5073 4157 10562 4423 
1558 2688 7559 230 7662 7432 5284 
9080 6848 4636 5168 
6513 718 7355 5218 
7431 7057 7695 4841 
3001 7875 8117 10723 4199 10122 5230 370 7508 3 3780 2391 7555 8296 363 8150 5235 4569 1255 7299 5641 547 10379 5600 10180 2566 4013 834 9853 9922 6534 3949 7296 771 3022 8242 10329 5538 3548 9720 9158 1541 6316 664 7855 3867 8277 182 2023 10297 159 8945 385 4077 5373 8779 2826 2412 8138 3203 5594 2529 4399 8627 9990 10374 6929 8654 6618 6547 2669 8238 986 1934 3058 7869 8250 8067 4967 2026 4671 8294 2422 8690 3006 361 1254 1400 760 6094 4360 6920 669 271 334 4914 2795 8030 1149 
3438 3391 4280 2360 9374 9542 557 4105 2758 6378 6291 5985 3027 1946 241 
3624 2149 
1511 2232 10823 
7249 2859 71 
437 5320 2949 4132 1491 4260 1835 7974 8501 3909 4527 
10914 2913 1297 2674 
2013 8165 9013 
1979 
4747 
8421 4192 2224 2661 4177 759 9414 7085 10553 5506 7542 7138 7386 7318 8078 10018 6015 8843 2997 10664 2274 9412 9461 9006 8829 9347 616 3515 9137 9401 
10451 652 5588 600 3835 10262 7231 6303 10066 
6277 1407 9736 3328 7060 3348 3045 2753 1271 2856 9821 2496 10622 4882 7613 
3161 2857 
3594 1021 
8850 
4496 
10620 5193 4544 535 
1896 10587 
10987 
9189 9915 8764 9791 5366 2332 10084 9100 10721 6690 4133 2555 1722 5659 
3070 1016 6323 
1542 10424 6253 8464 2152 6372 299 5412 3750 2177 3134 8934 4507 10207 4871 4234 7511 10563 7785 2580 10012 7436 5513 4593 9419 10313 8450 5251 4989 2479 7751 8998 2371 1130 8347 10686 5551 1920 7870 6391 10104 8356 4965 4092 10439 6451 5807 8362 9902 4753 4216 5968 4670 10396 5201 2385 6389 10702 2234 
671 6502 40 
9194 10414 4054 4115 2031 3380 5868 8021 1604 479 10986 2195 734 
10874 3436 10119 8723 2215 9535 4751 10175 4183 7281 7487 210 1452 10715 
9623 4501 
4139 7289 
9019 6569 6113 
7954 10341 1133 6560 
9512 2847 2186 7047 4045 538 7022 2054 8220 6842 7119 8944 6427 6217 6702 8079 2568 4043 3963 2787 2919 4083 3906 7570 49 10371 526 5579 9916 7152 6909 5247 10630 6854 2846 3033 9832 5348 8433 77 1958 8860 2865 10504 9559 
5927 2904 3712 7498 8526 8351 10565 4408 4983 1445 2589 
8306 4946 161 9939 7757 4021 5941 
3213 458 2439 
7851 562 7884 3100 5768 6108 10760 4265 5813 9187 1160 7945 1551 1798 1247 7825 4444 16 48 10596 4447 2309 6147 7727 8475 6829 7988 9892 6537 6809 10067 3306 8885 2967 4692 6352 2861 9264 1996 3797 3794 58 7122 761 10725 5791 2490 3312 169 9571 1618 229 1909 9431 5410 9133 7206 2001 823 10198 6589 7827 10616 10652 9454 9305 643 5351 3014 5192 
7331 3705 7179 
10777 
10006 10825 8360 
3534 641 97 3039 1337 365 10311 5469 6904 2455 1106 5948 2563 1234 7516 1771 7050 1357 1238 5468 9949 6197 1707 5863 10143 3098 9479 6462 6789 5571 4577 1249 1446 5760 4762 6729 259 4462 6780 5786 2089 2016 7747 2435 7023 10116 4722 
8485 
9867 7473 10177 20 
5009 3816 10476 
4339 3571 10571 10181 3550 5051 282 9527 10348 1421 2541 
8751 8728 
5400 6338 8224 6199 
7188 10339 221 3905 8614 212 1463 9935 3698 9045 2819 7616 1882 10321 7070 4887 377 5224 8275 3885 359 5343 305 1833 186 1084 2087 9203 4875 1652 8762 3986 10277 4694 8716 327 8115 5429 9113 6088 2338 439 9716 95 5604 7474 9099 216 1239 8811 8924 10637 5800 6634 3017 8631 6043 53 8989 3903 1959 2243 3126 9088 524 5140 5862 4342 478 9842 10752 10057 7648 8948 513 2955 1044 1304 660 3540 1207 7764 1855 
6536 776 8129 
10022 7405 7461 10009 7094 284 
4746 6178 10184 4803 9865 9240 4759 1482 7715 10999 7087 8284 6125 9009 351 
4767 10359 969 5431 10930 9898 
9903 10008 3458 5840 7578 2624 4568 1607 7183 6969 10891 4818 10662 3586 732 404 4763 10183 2551 8307 3494 347 5956 5850 795 5327 4964 1713 4998 6311 2173 2273 10290 4536 1300 93 936 7025 6588 563 1786 1774 6653 495 5836 5923 8613 7238 997 6819 434 851 5004 3205 10695 5123 6698 9787 8872 1705 4657 9420 5584 10840 8699 7399 3568 5938 4668 6452 1876 9422 3725 7470 10671 3817 4525 1757 6110 8427 4368 1895 9252 2636 591 2806 472 1970 5932 8778 6335 1107 2460 4756 4134 10274 6150 5980 10247 1260 8302 2732 5752 10503 9367 6610 9318 4789 5056 3177 7942 8419 8338 2611 10811 985 1954 3521 9304 10081 1609 3697 8931 2196 2746 7784 4638 3562 4052 8838 7781 5666 9290 7464 6531 2392 6652 794 6957 6696 8187 4534 7956 1708 9778 4315 9428 3320 9763 1553 10778 4300 716 9093 7270 4038 3872 4883 2907 6954 4310 8270 9156 3792 7596 10520 2726 10833 10333 1170 1181 8249 1537 8267 6697 5717 6936 10071 8644 790 5152 9458 1650 3900 1353 7876 4997 2786 8292 1926 9416 9381 10700 1898 7532 8395 4094 4493 3016 6584 9220 4877 1782 7645 8754 12 1236 9953 3155 9904 4796 6725 1638 1641 5638 4020 5762 7062 4061 10800 5686 100 8916 6080 2619 3592 2037 4707 4252 2537 4705 9128 8935 
3944 
10643 7667 452 3983 
975 10267 3187 8889 8192 2381 2036 8045 10357 3587 3047 
1356 5514 
1933 6464 
10895 3558 5527 
3387 8737 4843 4268 1467 2957 7692 6795 4606 1686 3810 136 10251 
7842 3335 4821 8865 8759 
3135 3396 
7394 5010 3756 6888 
8146 2751 1030 
5280 6505 6092 7677 6582 9262 2121 4418 9022 5505 4654 10744 10606 8633 5375 10896 6824 2502 8369 2918 8535 6430 7759 2890 10307 1168 5136 4420 3942 3973 3634 293 4440 3742 6133 10968 1262 222 1666 4331 6174 10047 3693 10158 5045 7649 3614 7229 2472 174 
2559 7177 
1156 9688 5547 
5589 5634 9744 7178 9151 7866 7658 66 7647 7681 8090 6167 8226 10981 2088 1860 8698 9864 1776 
7043 4610 5442 
3811 9549 612 
1661 3633 7836 
5894 6921 666 
1674 7367 10512 642 2402 3749 465 5063 1602 9626 7733 5500 3401 10680 1872 8300 
8181 3427 6820 4873 4460 7766 1847 8830 
7621 
10647 8341 6545 6608 6695 10517 836 
3318 5974 2605 6191 1806 8874 4033 9130 5049 1286 9327 5084 4344 2648 5793 6797 7872 
383 
8210 9676 4935 217 2782 9968 8521 3105 10196 8610 9978 9081 9472 947 3443 2902 4226 3639 9767 5629 3560 60 9848 8304 4618 822 1109 9930 7585 3753 5916 1548 2990 1788 8760 9410 3215 8361 9071 3927 6765 3382 1509 4474 8672 9509 3122 2546 
407 103 
2450 6432 
7659 7828 1102 
1605 2497 3222 10668 
9681 8706 3091 
6911 6733 4171 173 9980 4258 5125 1270 6058 1458 6600 3870 5539 10952 3547 5952 112 
1729 7657 200 7143 
7965 4915 8546 3356 5636 4476 3069 10575 470 3226 5969 7447 4723 7082 3339 3333 8269 10364 5693 1066 5870 9743 2365 1229 9365 9154 8684 8299 8735 
3322 5300 10050 
5002 7365 3554 10731 8204 3985 4566 
1115 1715 3090 9245 
4949 1461 
7929 1751 10429 438 7760 6481 5715 8564 1216 10080 3737 1919 1868 7640 701 7891 10611 10594 10958 
525 9871 
1192 4172 8184 3514 6757 
6892 
5522 
10567 6145 
9911 7202 
4936 10513 
10560 4567 3073 7867 10827 2304 3243 3244 1749 2834 6522 5618 9149 4498 981 10354 6244 8516 2094 7027 3020 5089 9480 7388 2495 3661 1831 6549 4570 2723 2453 10701 904 1853 1845 7500 9885 2767 10772 6878 7421 2701 8473 9740 10064 1128 6941 4137 2727 2742 7981 9152 2673 2830 1232 8972 3859 6426 3250 2937 6351 5747 5046 10053 3061 4232 4162 1206 9651 1460 8983 8908 256 6827 5742 4191 8343 467 1389 1992 5111 7971 4148 2180 2973 7630 9267 5179 8458 9359 
4214 5565 5288 
7398 7197 1208 10506 6182 
2811 
10305 10824 848 
5135 
9601 4868 276 7517 1852 6802 9328 
9781 3841 5467 10465 7799 791 9910 3556 2285 7390 3358 5313 6194 6238 7883 4283 1410 7193 10916 1660 54 8881 4426 10450 6907 10459 6061 5597 8768 5489 4058 8815 7743 9529 8978 6294 5683 141 
2048 6013 2212 1644 
9390 2766 1653 
4471 7835 7168 9040 9652 3744 9069 4678 2057 5466 7948 9058 4165 10051 518 6312 5608 10458 9107 4838 6523 3478 2316 6468 1479 
5186 198 1791 7966 193 7187 
625 1894 1018 3010 9139 
1462 1028 4186 7098 3173 4861 9368 1009 3104 8191 
9423 6332 6350 1191 5271 
2441 6223 3718 6587 10559 8869 5687 7332 7634 3190 9963 10248 1906 2511 765 9969 10757 1878 425 2655 9766 5041 1952 2079 5472 6453 588 10728 123 466 9840 8237 2211 1426 2447 4127 7395 8941 3899 7568 1796 3924 8488 865 
265 1164 550 
1684 1062 
6525 6516 4351 8218 
2895 3658 3898 
6991 1015 3590 10369 10227 5158 
5075 3041 10237 10161 5401 7018 10881 687 160 6168 1659 4775 
8828 3581 10572 401 7520 
9846 9127 10049 10685 
6816 2286 
2411 1547 9177 205 5018 2007 5208 1626 3194 
6928 1055 
7775 1380 7722 8517 4728 1850 10991 1108 5512 
2352 4864 9067 
4036 3842 3308 10069 6467 2394 578 5812 6353 5790 6562 9628 4046 7973 5640 1242 5153 7169 9863 2276 6447 1592 10391 7796 2578 2262 5099 700 697 9086 6216 699 6394 5960 7491 75 1725 6274 1063 42 8656 3114 10129 
1779 7895 3616 9879 9355 7078 9486 2022 10031 10905 4727 10544 1691 1505 9975 3774 4277 2832 
1507 4609 7226 
622 1627 9555 
9844 1209 3945 9738 402 10808 7324 
9851 1621 
9955 4733 2858 
24 6044 368 2948 1321 6839 706 5984 
7302 3854 3386 693 9310 4580 2050 3589 5585 7311 624 10322 9455 8912 8512 10975 3787 6235 6315 5919 10569 4219 4921 1861 3706 2771 8435 6087 5384 
9054 9108 4706 10576 
5477 4156 
7129 4953 5779 6292 6034 2419 5979 4962 
224 3874 9397 
953 4895 1697 10598 7859 1645 5712 9498 5398 3307 8591 764 4526 3366 4640 9630 6003 9944 
9979 4622 88 381 165 10200 2230 9496 5963 10521 10477 5167 6793 7535 132 1377 4223 150 8404 
1647 6708 7863 
8942 10764 3170 
2462 
5620 3876 7413 2227 10989 8489 91 5155 3374 4203 10558 3019 10412 1900 149 7092 9487 1527 
7008 9098 6674 3018 5190 
4130 8606 1158 4469 5624 5920 9940 6686 7246 533 9265 111 2035 1526 
2328 
7632 9364 
6078 
3538 6681 6932 1889 
8605 6008 
9618 2901 3130 9212 5105 6478 8748 6540 3214 2216 4807 8190 7482 990 4340 3695 9928 195 2844 10409 3632 935 8487 
9268 
8339 
7519 
4441 10783 5278 6262 7906 10556 8892 7731 
1428 5178 10446 2034 
5134 10144 4867 
3259 4919 3201 7055 8383 5440 2061 9574 3011 2975 
3862 5447 1489 10490 3132 3575 4625 1335 7173 2662 4784 9426 3263 3783 5622 2269 5846 2538 5104 5337 692 3732 257 5667 10225 9224 7304 2463 572 1243 1643 5669 5541 
741 2938 10289 8049 9489 9959 3914 10619 7312 9914 10947 203 
21 3125 8688 
6161 2473 6953 9183 8741 6132 2646 2570 7946 5601 1116 6657 4490 7935 7730 7668 
